0.01;0.310248;-1;0;
0.0102329;0.310313;-1;0;
0.0104713;0.310381;-1;0;
0.0107152;0.310452;-1;0;
0.0109648;0.310526;-1;0;
0.0112202;0.310604;-1;0;
0.0114815;0.310685;-1;0;
0.011749;0.310771;-1;0;
0.0120226;0.31086;-1;0;
0.0123027;0.310954;-1;0;
0.0125893;0.311052;-1;0;
0.0128825;0.311154;-1;0;
0.0131826;0.311262;-1;0;
0.0134896;0.311375;-1;0;
0.0138038;0.311493;-1;0;
0.0141254;0.311616;-1;0;
0.0144544;0.311746;-1;0;
0.0147911;0.311882;-1;0;
0.0151356;0.312024;-1;0;
0.0154882;0.312173;-1;0;
0.0158489;0.312329;-1;0;
0.0162181;0.312492;-1;0;
0.0165959;0.312663;-1;0;
0.0169824;0.312843;-1;0;
0.017378;0.313031;-1;0;
0.0177828;0.313227;-1;0;
0.018197;0.313434;-1;0;
0.0186209;0.31365;-1;0;
0.0190546;0.313876;-1;0;
0.0194984;0.314114;-1;0;
0.0199526;0.314362;-1;0;
0.0204174;0.314623;-1;0;
0.020893;0.314896;-1;0;
0.0213796;0.315182;-1;0;
0.0218776;0.315482;-1;0;
0.0223872;0.315797;-1;0;
0.0229087;0.316126;-1;0;
0.0234423;0.316472;-1;0;
0.0239883;0.316834;-1;0;
0.0245471;0.317213;-1;0;
0.0251189;0.317611;-1;0;
0.025704;0.318028;-1;0;
0.0263027;0.318465;-1;0;
0.0269153;0.318924;-1;0;
0.0275423;0.319404;-1;0;
0.0281838;0.319908;-1;0;
0.0288403;0.320437;-1;0;
0.0295121;0.320991;-1;0;
0.0301995;0.321573;-1;0;
0.030903;0.322183;-1;0;
0.0316228;0.322822;-1;0;
0.0323594;0.323494;-1;0;
0.0331131;0.324198;-1;0;
0.0338844;0.324937;-1;0;
0.0346737;0.325712;-1;0;
0.0354813;0.326525;-1;0;
0.0363078;0.327379;-1;0;
0.0371535;0.328276;-1;0;
0.0380189;0.329217;-1;0;
0.0389045;0.330205;-1;0;
0.0398107;0.331242;-1;0;
0.040738;0.332331;-1;0;
0.0416869;0.333476;-1;0;
0.042658;0.334678;-1;0;
0.0436516;0.33594;-1;0;
0.0446684;0.337267;-1;0;
0.0457088;0.338662;-1;0;
0.0467735;0.340127;-1;0;
0.047863;0.341668;-1;0;
0.0489779;0.343288;-1;0;
0.0501187;0.344992;-1;0;
0.0512861;0.346784;-1;0;
0.0524807;0.34867;-1;0;
0.0537032;0.350654;-1;0;
0.0549541;0.352742;-1;0;
0.0562341;0.35494;-1;0;
0.057544;0.357255;-1;0;
0.0588844;0.359693;-1;0;
0.060256;0.362261;-1;0;
0.0616595;0.364968;-1;0;
0.0630957;0.36782;-1;0;
0.0645654;0.370828;-1;0;
0.0660693;0.374;-1;0;
0.0676083;0.377347;-1;0;
0.0691831;0.380878;-1;0;
0.0707946;0.384605;-1;0;
0.0724436;0.388541;-1;0;
0.074131;0.392699;-1;0;
0.0758578;0.397092;-1;0;
0.0776247;0.401735;-1;0;
0.0794328;0.406645;-1;0;
0.0812831;0.411838;-1;0;
0.0831764;0.417333;-1;0;
0.0851138;0.423149;-1;0;
0.0870964;0.429308;-1;0;
0.0891251;0.435832;-1;0;
0.0912011;0.442744;-1;0;
0.0933254;0.450072;-1;0;
0.0954993;0.457841;-1;0;
0.0977237;0.466083;-1;0;
0.1;0.474827;-1;0;
0.102329;0.484108;-1;0;
0.104713;0.49396;-1;0;
0.107152;0.504421;-1;0;
0.109648;0.515531;-1;0;
0.112202;0.527331;-1;0;
0.114815;0.539863;-1;0;
0.11749;0.553174;-1;0;
0.120226;0.567308;-1;0;
0.123027;0.582313;-1;0;
0.125893;0.598235;-1;0;
0.128825;0.61512;-1;0;
0.131826;0.633013;-1;0;
0.134896;0.651952;-1;0;
0.138038;0.671974;-1;0;
0.141254;0.693104;-1;0;
0.144544;0.715359;-1;0;
0.147911;0.738738;-1;0;
0.151356;0.763226;-1;0;
0.154882;0.788781;-1;0;
0.158489;0.815331;-1;0;
0.162181;0.842773;-1;0;
0.165959;0.870961;-1;0;
0.169824;0.899701;-1;0;
0.17378;0.928749;-1;0;
0.177828;0.957805;-1;0;
0.18197;0.986513;-1;0;
0.186209;1.01446;-1;0;
0.190546;1.0412;-1;0;
0.194984;1.06623;-1;0;
0.199526;1.08905;-1;0;
0.204174;1.10917;-1;0;
0.20893;1.12612;-1;0;
0.213796;1.13951;-1;0;
0.218776;1.14903;-1;0;
0.223872;1.15452;-1;0;
0.229087;1.15592;-1;0;
0.234423;1.15334;-1;0;
0.239883;1.14702;-1;0;
0.245471;1.13734;-1;0;
0.251189;1.12477;-1;0;
0.25704;1.10986;-1;0;
0.263027;1.09319;-1;0;
0.269153;1.07539;-1;0;
0.275423;1.05704;-1;0;
0.281838;1.0387;-1;0;
0.288403;1.02089;-1;0;
0.295121;1.00407;-1;0;
0.301995;0.988624;-1;0;
0.30903;0.974895;-1;0;
0.316228;0.963155;-1;0;
0.323594;0.953621;-1;0;
0.331131;0.946454;-1;0;
0.338844;0.941764;-1;0;
0.346737;0.939604;-1;0;
0.354813;0.939971;-1;0;
0.363078;0.942799;-1;0;
0.371535;0.947952;-1;0;
0.380189;0.955208;-1;0;
0.389045;0.964256;-1;0;
0.398107;0.974682;-1;0;
0.40738;0.985967;-1;0;
0.416869;0.997497;-1;0;
0.42658;1.00858;-1;0;
0.436516;1.01851;-1;0;
0.446684;1.02657;-1;0;
0.457088;1.03218;-1;0;
0.467735;1.03492;-1;0;
0.47863;1.03461;-1;0;
0.489779;1.03137;-1;0;
0.501187;1.02559;-1;0;
0.512861;1.01791;-1;0;
0.524807;1.00913;-1;0;
0.537032;1.00017;-1;0;
0.549541;0.991895;-1;0;
0.562341;0.985117;-1;0;
0.57544;0.980468;-1;0;
0.588844;0.978364;-1;0;
0.60256;0.978964;-1;0;
0.616595;0.982138;-1;0;
0.630957;0.987454;-1;0;
0.645654;0.994187;-1;0;
0.660693;1.00138;-1;0;
0.676083;1.00793;-1;0;
0.691831;1.0128;-1;0;
0.707946;1.01517;-1;0;
0.724436;1.01466;-1;0;
0.74131;1.01144;-1;0;
0.758578;1.00625;-1;0;
0.776247;1.00018;-1;0;
0.794328;0.994549;-1;0;
0.812831;0.99052;-1;0;
0.831764;0.988925;-1;0;
0.851138;0.99006;-1;0;
0.870964;0.993588;-1;0;
0.891251;0.99857;-1;0;
0.912011;1.00364;-1;0;
0.933254;1.00733;-1;0;
0.954993;1.00855;-1;0;
0.977237;1.00697;-1;0;
1;1.0032;-1;0;

