0.01;0.310291;-1;0;
0.0102329;0.310357;-1;0;
0.0104713;0.310427;-1;0;
0.0107152;0.3105;-1;0;
0.0109648;0.310577;-1;0;
0.0112202;0.310657;-1;0;
0.0114815;0.310741;-1;0;
0.011749;0.310829;-1;0;
0.0120226;0.310921;-1;0;
0.0123027;0.311018;-1;0;
0.0125893;0.311119;-1;0;
0.0128825;0.311225;-1;0;
0.0131826;0.311336;-1;0;
0.0134896;0.311452;-1;0;
0.0138038;0.311573;-1;0;
0.0141254;0.311701;-1;0;
0.0144544;0.311834;-1;0;
0.0147911;0.311974;-1;0;
0.0151356;0.312121;-1;0;
0.0154882;0.312274;-1;0;
0.0158489;0.312435;-1;0;
0.0162181;0.312604;-1;0;
0.0165959;0.31278;-1;0;
0.0169824;0.312965;-1;0;
0.017378;0.313159;-1;0;
0.0177828;0.313362;-1;0;
0.018197;0.313575;-1;0;
0.0186209;0.313798;-1;0;
0.0190546;0.314031;-1;0;
0.0194984;0.314276;-1;0;
0.0199526;0.314533;-1;0;
0.0204174;0.314801;-1;0;
0.020893;0.315083;-1;0;
0.0213796;0.315378;-1;0;
0.0218776;0.315688;-1;0;
0.0223872;0.316012;-1;0;
0.0229087;0.316352;-1;0;
0.0234423;0.316708;-1;0;
0.0239883;0.317081;-1;0;
0.0245471;0.317473;-1;0;
0.0251189;0.317883;-1;0;
0.025704;0.318313;-1;0;
0.0263027;0.318765;-1;0;
0.0269153;0.319238;-1;0;
0.0275423;0.319734;-1;0;
0.0281838;0.320254;-1;0;
0.0288403;0.320799;-1;0;
0.0295121;0.321371;-1;0;
0.0301995;0.321971;-1;0;
0.030903;0.3226;-1;0;
0.0316228;0.323261;-1;0;
0.0323594;0.323953;-1;0;
0.0331131;0.32468;-1;0;
0.0338844;0.325443;-1;0;
0.0346737;0.326243;-1;0;
0.0354813;0.327083;-1;0;
0.0363078;0.327965;-1;0;
0.0371535;0.32889;-1;0;
0.0380189;0.329862;-1;0;
0.0389045;0.330882;-1;0;
0.0398107;0.331953;-1;0;
0.040738;0.333078;-1;0;
0.0416869;0.33426;-1;0;
0.042658;0.335502;-1;0;
0.0436516;0.336807;-1;0;
0.0446684;0.338178;-1;0;
0.0457088;0.339618;-1;0;
0.0467735;0.341133;-1;0;
0.047863;0.342726;-1;0;
0.0489779;0.3444;-1;0;
0.0501187;0.346162;-1;0;
0.0512861;0.348015;-1;0;
0.0524807;0.349965;-1;0;
0.0537032;0.352016;-1;0;
0.0549541;0.354176;-1;0;
0.0562341;0.356451;-1;0;
0.057544;0.358846;-1;0;
0.0588844;0.361369;-1;0;
0.060256;0.364027;-1;0;
0.0616595;0.366829;-1;0;
0.0630957;0.369783;-1;0;
0.0645654;0.372897;-1;0;
0.0660693;0.376183;-1;0;
0.0676083;0.37965;-1;0;
0.0691831;0.383309;-1;0;
0.0707946;0.387172;-1;0;
0.0724436;0.391253;-1;0;
0.074131;0.395564;-1;0;
0.0758578;0.40012;-1;0;
0.0776247;0.404937;-1;0;
0.0794328;0.410031;-1;0;
0.0812831;0.41542;-1;0;
0.0831764;0.421125;-1;0;
0.0851138;0.427164;-1;0;
0.0870964;0.43356;-1;0;
0.0891251;0.440337;-1;0;
0.0912011;0.44752;-1;0;
0.0933254;0.455135;-1;0;
0.0954993;0.463212;-1;0;
0.0977237;0.471781;-1;0;
0.1;0.480875;-1;0;
0.102329;0.490528;-1;0;
0.104713;0.500776;-1;0;
0.107152;0.51166;-1;0;
0.109648;0.523219;-1;0;
0.112202;0.535496;-1;0;
0.114815;0.548536;-1;0;
0.11749;0.562383;-1;0;
0.120226;0.577086;-1;0;
0.123027;0.592689;-1;0;
0.125893;0.60924;-1;0;
0.128825;0.626784;-1;0;
0.131826;0.645362;-1;0;
0.134896;0.66501;-1;0;
0.138038;0.685759;-1;0;
0.141254;0.707629;-1;0;
0.144544;0.730625;-1;0;
0.147911;0.754737;-1;0;
0.151356;0.779934;-1;0;
0.154882;0.806154;-1;0;
0.158489;0.833306;-1;0;
0.162181;0.861258;-1;0;
0.165959;0.889834;-1;0;
0.169824;0.918807;-1;0;
0.17378;0.947898;-1;0;
0.177828;0.976768;-1;0;
0.18197;1.00503;-1;0;
0.186209;1.03223;-1;0;
0.190546;1.0579;-1;0;
0.194984;1.08154;-1;0;
0.199526;1.10263;-1;0;
0.204174;1.12071;-1;0;
0.20893;1.13536;-1;0;
0.213796;1.14623;-1;0;
0.218776;1.1531;-1;0;
0.223872;1.15589;-1;0;
0.229087;1.15465;-1;0;
0.234423;1.14958;-1;0;
0.239883;1.141;-1;0;
0.245471;1.12936;-1;0;
0.251189;1.11518;-1;0;
0.25704;1.09905;-1;0;
0.263027;1.08156;-1;0;
0.269153;1.06333;-1;0;
0.275423;1.04493;-1;0;
0.281838;1.02689;-1;0;
0.288403;1.00968;-1;0;
0.295121;0.993723;-1;0;
0.301995;0.979374;-1;0;
0.30903;0.966928;-1;0;
0.316228;0.956619;-1;0;
0.323594;0.948629;-1;0;
0.331131;0.943083;-1;0;
0.338844;0.940056;-1;0;
0.346737;0.939564;-1;0;
0.354813;0.941563;-1;0;
0.363078;0.945942;-1;0;
0.371535;0.95251;-1;0;
0.380189;0.960987;-1;0;
0.389045;0.970995;-1;0;
0.398107;0.982051;-1;0;
0.40738;0.993572;-1;0;
0.416869;1.00489;-1;0;
0.42658;1.01529;-1;0;
0.436516;1.02406;-1;0;
0.446684;1.03057;-1;0;
0.457088;1.03432;-1;0;
0.467735;1.03506;-1;0;
0.47863;1.03279;-1;0;
0.489779;1.02782;-1;0;
0.501187;1.0207;-1;0;
0.512861;1.0122;-1;0;
0.524807;1.0032;-1;0;
0.537032;0.99459;-1;0;
0.549541;0.987221;-1;0;
0.562341;0.981786;-1;0;
0.57544;0.978781;-1;0;
0.588844;0.978457;-1;0;
0.60256;0.980785;-1;0;
0.616595;0.985436;-1;0;
0.630957;0.991782;-1;0;
0.645654;0.998935;-1;0;
0.660693;1.00583;-1;0;
0.676083;1.01138;-1;0;
0.691831;1.01467;-1;0;
0.707946;1.01516;-1;0;
0.724436;1.01281;-1;0;
0.74131;1.00818;-1;0;
0.758578;1.00227;-1;0;
0.776247;0.996348;-1;0;
0.794328;0.991654;-1;0;
0.812831;0.989165;-1;0;
0.831764;0.989373;-1;0;
0.851138;0.992161;-1;0;
0.870964;0.996784;-1;0;
0.891251;1.00199;-1;0;
0.912011;1.0063;-1;0;
0.933254;1.00845;-1;0;
0.954993;1.00781;-1;0;
0.977237;1.00466;-1;0;
1;1.00017;-1;0;

