0.01;0.0151112;-1;0;
0.0102329;0.01511;-1;0;
0.0104713;0.0151088;-1;0;
0.0107152;0.0151075;-1;0;
0.0109648;0.0151061;-1;0;
0.0112202;0.0151047;-1;0;
0.0114815;0.0151032;-1;0;
0.011749;0.0151017;-1;0;
0.0120226;0.0151001;-1;0;
0.0123027;0.0150984;-1;0;
0.0125893;0.0150967;-1;0;
0.0128825;0.0150949;-1;0;
0.0131826;0.015093;-1;0;
0.0134896;0.0150911;-1;0;
0.0138038;0.015089;-1;0;
0.0141254;0.0150869;-1;0;
0.0144544;0.0150847;-1;0;
0.0147911;0.0150825;-1;0;
0.0151356;0.0150801;-1;0;
0.0154882;0.0150777;-1;0;
0.0158489;0.0150751;-1;0;
0.0162181;0.0150725;-1;0;
0.0165959;0.0150698;-1;0;
0.0169824;0.015067;-1;0;
0.017378;0.0150641;-1;0;
0.0177828;0.0150612;-1;0;
0.018197;0.0150581;-1;0;
0.0186209;0.0150549;-1;0;
0.0190546;0.0150517;-1;0;
0.0194984;0.0150483;-1;0;
0.0199526;0.0150449;-1;0;
0.0204174;0.0150413;-1;0;
0.020893;0.0150377;-1;0;
0.0213796;0.015034;-1;0;
0.0218776;0.0150303;-1;0;
0.0223872;0.0150265;-1;0;
0.0229087;0.0150226;-1;0;
0.0234423;0.0150186;-1;0;
0.0239883;0.0150146;-1;0;
0.0245471;0.0150106;-1;0;
0.0251189;0.0150066;-1;0;
0.025704;0.0150026;-1;0;
0.0263027;0.0149986;-1;0;
0.0269153;0.0149946;-1;0;
0.0275423;0.0149907;-1;0;
0.0281838;0.0149869;-1;0;
0.0288403;0.0149832;-1;0;
0.0295121;0.0149797;-1;0;
0.0301995;0.0149764;-1;0;
0.030903;0.0149733;-1;0;
0.0316228;0.0149705;-1;0;
0.0323594;0.0149681;-1;0;
0.0331131;0.0149661;-1;0;
0.0338844;0.0149645;-1;0;
0.0346737;0.0149636;-1;0;
0.0354813;0.0149633;-1;0;
0.0363078;0.0149637;-1;0;
0.0371535;0.014965;-1;0;
0.0380189;0.0149673;-1;0;
0.0389045;0.0149707;-1;0;
0.0398107;0.0149754;-1;0;
0.040738;0.0149816;-1;0;
0.0416869;0.0149893;-1;0;
0.042658;0.0149989;-1;0;
0.0436516;0.0150106;-1;0;
0.0446684;0.0150246;-1;0;
0.0457088;0.0150412;-1;0;
0.0467735;0.0150608;-1;0;
0.047863;0.0150836;-1;0;
0.0489779;0.0151101;-1;0;
0.0501187;0.0151407;-1;0;
0.0512861;0.0151758;-1;0;
0.0524807;0.015216;-1;0;
0.0537032;0.0152619;-1;0;
0.0549541;0.0153141;-1;0;
0.0562341;0.0153733;-1;0;
0.057544;0.0154402;-1;0;
0.0588844;0.0155158;-1;0;
0.060256;0.015601;-1;0;
0.0616595;0.0156969;-1;0;
0.0630957;0.0158045;-1;0;
0.0645654;0.0159252;-1;0;
0.0660693;0.0160605;-1;0;
0.0676083;0.0162117;-1;0;
0.0691831;0.0163808;-1;0;
0.0707946;0.0165695;-1;0;
0.0724436;0.01678;-1;0;
0.074131;0.0170145;-1;0;
0.0758578;0.0172757;-1;0;
0.0776247;0.0175664;-1;0;
0.0794328;0.0178896;-1;0;
0.0812831;0.0182488;-1;0;
0.0831764;0.0186477;-1;0;
0.0851138;0.0190906;-1;0;
0.0870964;0.0195821;-1;0;
0.0891251;0.0201271;-1;0;
0.0912011;0.0207314;-1;0;
0.0933254;0.021401;-1;0;
0.0954993;0.0221429;-1;0;
0.0977237;0.0229645;-1;0;
0.1;0.0238741;-1;0;
0.102329;0.0248809;-1;0;
0.104713;0.025995;-1;0;
0.107152;0.0272275;-1;0;
0.109648;0.0285906;-1;0;
0.112202;0.030098;-1;0;
0.114815;0.0317645;-1;0;
0.11749;0.0336066;-1;0;
0.120226;0.0356425;-1;0;
0.123027;0.0378922;-1;0;
0.125893;0.0403778;-1;0;
0.128825;0.0431236;-1;0;
0.131826;0.0461565;-1;0;
0.134896;0.0495061;-1;0;
0.138038;0.053205;-1;0;
0.141254;0.0572892;-1;0;
0.144544;0.0617984;-1;0;
0.147911;0.0667765;-1;0;
0.151356;0.0722719;-1;0;
0.154882;0.0783382;-1;0;
0.158489;0.0850347;-1;0;
0.162181;0.0924271;-1;0;
0.165959;0.100589;-1;0;
0.169824;0.109601;-1;0;
0.17378;0.119555;-1;0;
0.177828;0.130555;-1;0;
0.18197;0.142718;-1;0;
0.186209;0.156179;-1;0;
0.190546;0.171094;-1;0;
0.194984;0.18765;-1;0;
0.199526;0.206071;-1;0;
0.204174;0.226636;-1;0;
0.20893;0.249698;-1;0;
0.213796;0.275725;-1;0;
0.218776;0.305353;-1;0;
0.223872;0.339492;-1;0;
0.229087;0.379496;-1;0;
0.234423;0.427482;-1;0;
0.239883;0.486957;-1;0;
0.245471;0.564083;-1;0;
0.251189;0.670509;-1;0;
0.25704;0.83011;-1;0;
0.263027;1.09623;-1;0;
0.269153;1.59376;-1;0;
0.275423;2.54016;-1;0;
0.281838;3.46028;-1;0;
0.288403;2.70373;-1;0;
0.295121;1.71782;-1;0;
0.301995;1.24579;-1;0;
0.30903;1.04323;-1;0;
0.316228;0.95783;-1;0;
0.323594;0.926845;-1;0;
0.331131;0.923158;-1;0;
0.338844;0.933639;-1;0;
0.346737;0.95095;-1;0;
0.354813;0.970171;-1;0;
0.363078;0.987227;-1;0;
0.371535;0.998124;-1;0;
0.380189;0.998756;-1;0;
0.389045;0.985493;-1;0;
0.398107;0.956918;-1;0;
0.40738;0.916544;-1;0;
0.416869;0.874764;-1;0;
0.42658;0.847149;-1;0;
0.436516;0.848853;-1;0;
0.446684;0.889573;-1;0;
0.457088;0.972531;-1;0;
0.467735;1.09404;-1;0;
0.47863;1.23561;-1;0;
0.489779;1.3488;-1;0;
0.501187;1.36916;-1;0;
0.512861;1.28823;-1;0;
0.524807;1.16907;-1;0;
0.537032;1.06734;-1;0;
0.549541;0.998684;-1;0;
0.562341;0.958491;-1;0;
0.57544;0.938569;-1;0;
0.588844;0.932396;-1;0;
0.60256;0.935571;-1;0;
0.616595;0.945151;-1;0;
0.630957;0.958871;-1;0;
0.645654;0.974422;-1;0;
0.660693;0.988823;-1;0;
0.676083;0.998385;-1;0;
0.691831;1.00076;-1;0;
0.707946;1.00019;-1;0;
0.724436;1.00841;-1;0;
0.74131;1.0264;-1;0;
0.758578;1.03313;-1;0;
0.776247;1.01611;-1;0;
0.794328;0.987216;-1;0;
0.812831;0.962677;-1;0;
0.831764;0.950271;-1;0;
0.851138;0.950816;-1;0;
0.870964;0.961986;-1;0;
0.891251;0.979948;-1;0;
0.912011;0.999236;-1;0;
0.933254;1.01266;-1;0;
0.954993;1.0145;-1;0;
0.977237;1.00722;-1;0;
1;1.00092;-1;0;

