0.01;0.0943012;-1;0;
0.0102329;0.0943255;-1;0;
0.0104713;0.0943508;-1;0;
0.0107152;0.0943774;-1;0;
0.0109648;0.0944052;-1;0;
0.0112202;0.0944344;-1;0;
0.0114815;0.0944649;-1;0;
0.011749;0.0944969;-1;0;
0.0120226;0.0945304;-1;0;
0.0123027;0.0945655;-1;0;
0.0125893;0.0946023;-1;0;
0.0128825;0.0946408;-1;0;
0.0131826;0.0946812;-1;0;
0.0134896;0.0947235;-1;0;
0.0138038;0.0947678;-1;0;
0.0141254;0.0948142;-1;0;
0.0144544;0.0948628;-1;0;
0.0147911;0.0949138;-1;0;
0.0151356;0.0949671;-1;0;
0.0154882;0.0950231;-1;0;
0.0158489;0.0950817;-1;0;
0.0162181;0.0951431;-1;0;
0.0165959;0.0952075;-1;0;
0.0169824;0.0952749;-1;0;
0.017378;0.0953456;-1;0;
0.0177828;0.0954197;-1;0;
0.018197;0.0954974;-1;0;
0.0186209;0.0955787;-1;0;
0.0190546;0.0956641;-1;0;
0.0194984;0.0957535;-1;0;
0.0199526;0.0958472;-1;0;
0.0204174;0.0959455;-1;0;
0.020893;0.0960485;-1;0;
0.0213796;0.0961565;-1;0;
0.0218776;0.0962698;-1;0;
0.0223872;0.0963885;-1;0;
0.0229087;0.0965131;-1;0;
0.0234423;0.0966437;-1;0;
0.0239883;0.0967806;-1;0;
0.0245471;0.0969243;-1;0;
0.0251189;0.097075;-1;0;
0.025704;0.0972331;-1;0;
0.0263027;0.0973989;-1;0;
0.0269153;0.097573;-1;0;
0.0275423;0.0977556;-1;0;
0.0281838;0.0979472;-1;0;
0.0288403;0.0981483;-1;0;
0.0295121;0.0983594;-1;0;
0.0301995;0.098581;-1;0;
0.030903;0.0988137;-1;0;
0.0316228;0.099058;-1;0;
0.0323594;0.0993146;-1;0;
0.0331131;0.0995841;-1;0;
0.0338844;0.0998672;-1;0;
0.0346737;0.100165;-1;0;
0.0354813;0.100477;-1;0;
0.0363078;0.100806;-1;0;
0.0371535;0.101151;-1;0;
0.0380189;0.101514;-1;0;
0.0389045;0.101895;-1;0;
0.0398107;0.102297;-1;0;
0.040738;0.102719;-1;0;
0.0416869;0.103163;-1;0;
0.042658;0.103631;-1;0;
0.0436516;0.104123;-1;0;
0.0446684;0.104642;-1;0;
0.0457088;0.105188;-1;0;
0.0467735;0.105763;-1;0;
0.047863;0.106369;-1;0;
0.0489779;0.107008;-1;0;
0.0501187;0.107682;-1;0;
0.0512861;0.108392;-1;0;
0.0524807;0.109142;-1;0;
0.0537032;0.109934;-1;0;
0.0549541;0.11077;-1;0;
0.0562341;0.111653;-1;0;
0.057544;0.112587;-1;0;
0.0588844;0.113574;-1;0;
0.060256;0.114618;-1;0;
0.0616595;0.115724;-1;0;
0.0630957;0.116894;-1;0;
0.0645654;0.118134;-1;0;
0.0660693;0.119449;-1;0;
0.0676083;0.120843;-1;0;
0.0691831;0.122324;-1;0;
0.0707946;0.123896;-1;0;
0.0724436;0.125567;-1;0;
0.074131;0.127344;-1;0;
0.0758578;0.129236;-1;0;
0.0776247;0.131252;-1;0;
0.0794328;0.133401;-1;0;
0.0812831;0.135694;-1;0;
0.0831764;0.138144;-1;0;
0.0851138;0.140763;-1;0;
0.0870964;0.143566;-1;0;
0.0891251;0.146569;-1;0;
0.0912011;0.149791;-1;0;
0.0933254;0.15325;-1;0;
0.0954993;0.15697;-1;0;
0.0977237;0.160975;-1;0;
0.1;0.165293;-1;0;
0.102329;0.169955;-1;0;
0.104713;0.174996;-1;0;
0.107152;0.180455;-1;0;
0.109648;0.186378;-1;0;
0.112202;0.192814;-1;0;
0.114815;0.199821;-1;0;
0.11749;0.207464;-1;0;
0.120226;0.215818;-1;0;
0.123027;0.224966;-1;0;
0.125893;0.235007;-1;0;
0.128825;0.246052;-1;0;
0.131826;0.258231;-1;0;
0.134896;0.27169;-1;0;
0.138038;0.286602;-1;0;
0.141254;0.303163;-1;0;
0.144544;0.321604;-1;0;
0.147911;0.342188;-1;0;
0.151356;0.36522;-1;0;
0.154882;0.391054;-1;0;
0.158489;0.42009;-1;0;
0.162181;0.452789;-1;0;
0.165959;0.489665;-1;0;
0.169824;0.531287;-1;0;
0.17378;0.578266;-1;0;
0.177828;0.631229;-1;0;
0.18197;0.690774;-1;0;
0.186209;0.757389;-1;0;
0.190546;0.831336;-1;0;
0.194984;0.912468;-1;0;
0.199526;1;-1;0;
0.204174;1.09224;-1;0;
0.20893;1.18633;-1;0;
0.213796;1.27809;-1;0;
0.218776;1.36216;-1;0;
0.223872;1.43256;-1;0;
0.229087;1.4836;-1;0;
0.234423;1.5111;-1;0;
0.239883;1.51343;-1;0;
0.245471;1.4918;-1;0;
0.251189;1.45;-1;0;
0.25704;1.39331;-1;0;
0.263027;1.32746;-1;0;
0.269153;1.25767;-1;0;
0.275423;1.18815;-1;0;
0.281838;1.12198;-1;0;
0.288403;1.06117;-1;0;
0.295121;1.0069;-1;0;
0.301995;0.959753;-1;0;
0.30903;0.919914;-1;0;
0.316228;0.887343;-1;0;
0.323594;0.861881;-1;0;
0.331131;0.843329;-1;0;
0.338844;0.831491;-1;0;
0.346737;0.826199;-1;0;
0.354813;0.827315;-1;0;
0.363078;0.83471;-1;0;
0.371535;0.848236;-1;0;
0.380189;0.867659;-1;0;
0.389045;0.89258;-1;0;
0.398107;0.922323;-1;0;
0.40738;0.955808;-1;0;
0.416869;0.991429;-1;0;
0.42658;1.02699;-1;0;
0.436516;1.05976;-1;0;
0.446684;1.08674;-1;0;
0.457088;1.10511;-1;0;
0.467735;1.11285;-1;0;
0.47863;1.10924;-1;0;
0.489779;1.09514;-1;0;
0.501187;1.07281;-1;0;
0.512861;1.04537;-1;0;
0.524807;1.01622;-1;0;
0.537032;0.988521;-1;0;
0.549541;0.964847;-1;0;
0.562341;0.947101;-1;0;
0.57544;0.936526;-1;0;
0.588844;0.93375;-1;0;
0.60256;0.938808;-1;0;
0.616595;0.951097;-1;0;
0.630957;0.96926;-1;0;
0.645654;0.991071;-1;0;
0.660693;1.01344;-1;0;
0.676083;1.03269;-1;0;
0.691831;1.04526;-1;0;
0.707946;1.04864;-1;0;
0.724436;1.04233;-1;0;
0.74131;1.02807;-1;0;
0.758578;1.00938;-1;0;
0.776247;0.990492;-1;0;
0.794328;0.975351;-1;0;
0.812831;0.966857;-1;0;
0.831764;0.966496;-1;0;
0.851138;0.974136;-1;0;
0.870964;0.987916;-1;0;
0.891251;1.00431;-1;0;
0.912011;1.01866;-1;0;
0.933254;1.02649;-1;0;
0.954993;1.02527;-1;0;
0.977237;1.01569;-1;0;
1;1.00154;-1;0;

