0.01;0.0942859;-1;0;
0.0102329;0.0943094;-1;0;
0.0104713;0.094334;-1;0;
0.0107152;0.0943598;-1;0;
0.0109648;0.0943868;-1;0;
0.0112202;0.094415;-1;0;
0.0114815;0.0944447;-1;0;
0.011749;0.0944757;-1;0;
0.0120226;0.0945082;-1;0;
0.0123027;0.0945422;-1;0;
0.0125893;0.0945779;-1;0;
0.0128825;0.0946153;-1;0;
0.0131826;0.0946544;-1;0;
0.0134896;0.0946954;-1;0;
0.0138038;0.0947384;-1;0;
0.0141254;0.0947834;-1;0;
0.0144544;0.0948305;-1;0;
0.0147911;0.0948799;-1;0;
0.0151356;0.0949317;-1;0;
0.0154882;0.094986;-1;0;
0.0158489;0.0950428;-1;0;
0.0162181;0.0951024;-1;0;
0.0165959;0.0951648;-1;0;
0.0169824;0.0952302;-1;0;
0.017378;0.0952987;-1;0;
0.0177828;0.0953705;-1;0;
0.018197;0.0954458;-1;0;
0.0186209;0.0955247;-1;0;
0.0190546;0.0956074;-1;0;
0.0194984;0.0956941;-1;0;
0.0199526;0.095785;-1;0;
0.0204174;0.0958803;-1;0;
0.020893;0.0959801;-1;0;
0.0213796;0.0960848;-1;0;
0.0218776;0.0961946;-1;0;
0.0223872;0.0963097;-1;0;
0.0229087;0.0964304;-1;0;
0.0234423;0.096557;-1;0;
0.0239883;0.0966897;-1;0;
0.0245471;0.0968289;-1;0;
0.0251189;0.096975;-1;0;
0.025704;0.0971282;-1;0;
0.0263027;0.0972889;-1;0;
0.0269153;0.0974575;-1;0;
0.0275423;0.0976344;-1;0;
0.0281838;0.09782;-1;0;
0.0288403;0.0980148;-1;0;
0.0295121;0.0982193;-1;0;
0.0301995;0.0984339;-1;0;
0.030903;0.0986593;-1;0;
0.0316228;0.0988958;-1;0;
0.0323594;0.0991443;-1;0;
0.0331131;0.0994052;-1;0;
0.0338844;0.0996792;-1;0;
0.0346737;0.0999671;-1;0;
0.0354813;0.10027;-1;0;
0.0363078;0.100587;-1;0;
0.0371535;0.100922;-1;0;
0.0380189;0.101273;-1;0;
0.0389045;0.101642;-1;0;
0.0398107;0.10203;-1;0;
0.040738;0.102439;-1;0;
0.0416869;0.102868;-1;0;
0.042658;0.10332;-1;0;
0.0436516;0.103796;-1;0;
0.0446684;0.104297;-1;0;
0.0457088;0.104825;-1;0;
0.0467735;0.105381;-1;0;
0.047863;0.105966;-1;0;
0.0489779;0.106583;-1;0;
0.0501187;0.107234;-1;0;
0.0512861;0.10792;-1;0;
0.0524807;0.108644;-1;0;
0.0537032;0.109408;-1;0;
0.0549541;0.110215;-1;0;
0.0562341;0.111066;-1;0;
0.057544;0.111967;-1;0;
0.0588844;0.112918;-1;0;
0.060256;0.113924;-1;0;
0.0616595;0.114989;-1;0;
0.0630957;0.116116;-1;0;
0.0645654;0.11731;-1;0;
0.0660693;0.118575;-1;0;
0.0676083;0.119916;-1;0;
0.0691831;0.121339;-1;0;
0.0707946;0.12285;-1;0;
0.0724436;0.124455;-1;0;
0.074131;0.126162;-1;0;
0.0758578;0.127978;-1;0;
0.0776247;0.129911;-1;0;
0.0794328;0.131971;-1;0;
0.0812831;0.134168;-1;0;
0.0831764;0.136513;-1;0;
0.0851138;0.139019;-1;0;
0.0870964;0.141699;-1;0;
0.0891251;0.144569;-1;0;
0.0912011;0.147645;-1;0;
0.0933254;0.150945;-1;0;
0.0954993;0.154491;-1;0;
0.0977237;0.158305;-1;0;
0.1;0.162414;-1;0;
0.102329;0.166845;-1;0;
0.104713;0.171633;-1;0;
0.107152;0.176812;-1;0;
0.109648;0.182424;-1;0;
0.112202;0.188517;-1;0;
0.114815;0.195141;-1;0;
0.11749;0.202357;-1;0;
0.120226;0.210234;-1;0;
0.123027;0.218849;-1;0;
0.125893;0.228291;-1;0;
0.128825;0.238662;-1;0;
0.131826;0.250079;-1;0;
0.134896;0.262677;-1;0;
0.138038;0.276612;-1;0;
0.141254;0.292063;-1;0;
0.144544;0.30924;-1;0;
0.147911;0.328381;-1;0;
0.151356;0.349765;-1;0;
0.154882;0.373712;-1;0;
0.158489;0.400592;-1;0;
0.162181;0.430825;-1;0;
0.165959;0.464891;-1;0;
0.169824;0.503322;-1;0;
0.17378;0.546704;-1;0;
0.177828;0.595657;-1;0;
0.18197;0.650805;-1;0;
0.186209;0.712719;-1;0;
0.190546;0.781826;-1;0;
0.194984;0.85827;-1;0;
0.199526;0.941717;-1;0;
0.204174;1.0311;-1;0;
0.20893;1.12436;-1;0;
0.213796;1.21819;-1;0;
0.218776;1.30797;-1;0;
0.223872;1.38806;-1;0;
0.229087;1.45243;-1;0;
0.234423;1.49578;-1;0;
0.239883;1.51473;-1;0;
0.245471;1.50859;-1;0;
0.251189;1.47954;-1;0;
0.25704;1.43201;-1;0;
0.263027;1.37156;-1;0;
0.269153;1.30382;-1;0;
0.275423;1.23371;-1;0;
0.281838;1.16505;-1;0;
0.288403;1.10053;-1;0;
0.295121;1.04186;-1;0;
0.301995;0.989977;-1;0;
0.30903;0.945318;-1;0;
0.316228;0.907975;-1;0;
0.323594;0.877854;-1;0;
0.331131;0.854776;-1;0;
0.338844;0.838538;-1;0;
0.346737;0.828954;-1;0;
0.354813;0.825866;-1;0;
0.363078;0.829142;-1;0;
0.371535;0.838651;-1;0;
0.380189;0.854224;-1;0;
0.389045;0.875582;-1;0;
0.398107;0.902244;-1;0;
0.40738;0.933411;-1;0;
0.416869;0.967836;-1;0;
0.42658;1.00371;-1;0;
0.436516;1.03865;-1;0;
0.446684;1.06978;-1;0;
0.457088;1.09411;-1;0;
0.467735;1.10902;-1;0;
0.47863;1.11288;-1;0;
0.489779;1.10551;-1;0;
0.501187;1.08829;-1;0;
0.512861;1.06383;-1;0;
0.524807;1.03543;-1;0;
0.537032;1.00645;-1;0;
0.549541;0.97987;-1;0;
0.562341;0.958042;-1;0;
0.57544;0.942638;-1;0;
0.588844;0.934686;-1;0;
0.60256;0.934613;-1;0;
0.616595;0.942245;-1;0;
0.630957;0.956735;-1;0;
0.645654;0.97644;-1;0;
0.660693;0.998829;-1;0;
0.676083;1.02056;-1;0;
0.691831;1.0379;-1;0;
0.707946;1.04752;-1;0;
0.724436;1.04753;-1;0;
0.74131;1.0382;-1;0;
0.758578;1.02197;-1;0;
0.776247;1.00273;-1;0;
0.794328;0.984725;-1;0;
0.812831;0.971595;-1;0;
0.831764;0.965791;-1;0;
0.851138;0.968263;-1;0;
0.870964;0.978299;-1;0;
0.891251;0.993442;-1;0;
0.912011;1.00969;-1;0;
0.933254;1.02226;-1;0;
0.954993;1.02713;-1;0;
0.977237;1.0228;-1;0;
1;1.01111;-1;0;

