0.01;9.83601e+008;-1;0;
0.0102329;9.83369e+008;-1;0;
0.0104713;9.83127e+008;-1;0;
0.0107152;9.82874e+008;-1;0;
0.0109648;9.82608e+008;-1;0;
0.0112202;9.8233e+008;-1;0;
0.0114815;9.8204e+008;-1;0;
0.011749;9.81735e+008;-1;0;
0.0120226;9.81416e+008;-1;0;
0.0123027;9.81083e+008;-1;0;
0.0125893;9.80733e+008;-1;0;
0.0128825;9.80368e+008;-1;0;
0.0131826;9.79985e+008;-1;0;
0.0134896;9.79585e+008;-1;0;
0.0138038;9.79165e+008;-1;0;
0.0141254;9.78727e+008;-1;0;
0.0144544;9.78267e+008;-1;0;
0.0147911;9.77786e+008;-1;0;
0.0151356;9.77283e+008;-1;0;
0.0154882;9.76757e+008;-1;0;
0.0158489;9.76206e+008;-1;0;
0.0162181;9.75629e+008;-1;0;
0.0165959;9.75025e+008;-1;0;
0.0169824;9.74394e+008;-1;0;
0.017378;9.73732e+008;-1;0;
0.0177828;9.73041e+008;-1;0;
0.018197;9.72317e+008;-1;0;
0.0186209;9.7156e+008;-1;0;
0.0190546;9.70767e+008;-1;0;
0.0194984;9.69938e+008;-1;0;
0.0199526;9.6907e+008;-1;0;
0.0204174;9.68163e+008;-1;0;
0.020893;9.67213e+008;-1;0;
0.0213796;9.6622e+008;-1;0;
0.0218776;9.65181e+008;-1;0;
0.0223872;9.64094e+008;-1;0;
0.0229087;9.62957e+008;-1;0;
0.0234423;9.61768e+008;-1;0;
0.0239883;9.60525e+008;-1;0;
0.0245471;9.59224e+008;-1;0;
0.0251189;9.57864e+008;-1;0;
0.025704;9.56442e+008;-1;0;
0.0263027;9.54955e+008;-1;0;
0.0269153;9.534e+008;-1;0;
0.0275423;9.51775e+008;-1;0;
0.0281838;9.50076e+008;-1;0;
0.0288403;9.483e+008;-1;0;
0.0295121;9.46443e+008;-1;0;
0.0301995;9.44503e+008;-1;0;
0.030903;9.42475e+008;-1;0;
0.0316228;9.40357e+008;-1;0;
0.0323594;9.38143e+008;-1;0;
0.0331131;9.35831e+008;-1;0;
0.0338844;9.33415e+008;-1;0;
0.0346737;9.30892e+008;-1;0;
0.0354813;9.28257e+008;-1;0;
0.0363078;9.25505e+008;-1;0;
0.0371535;9.22632e+008;-1;0;
0.0380189;9.19633e+008;-1;0;
0.0389045;9.16503e+008;-1;0;
0.0398107;9.13236e+008;-1;0;
0.040738;9.09827e+008;-1;0;
0.0416869;9.0627e+008;-1;0;
0.042658;9.0256e+008;-1;0;
0.0436516;8.98691e+008;-1;0;
0.0446684;8.94656e+008;-1;0;
0.0457088;8.9045e+008;-1;0;
0.0467735;8.86066e+008;-1;0;
0.047863;8.81498e+008;-1;0;
0.0489779;8.76738e+008;-1;0;
0.0501187;8.71781e+008;-1;0;
0.0512861;8.66618e+008;-1;0;
0.0524807;8.61244e+008;-1;0;
0.0537032;8.55651e+008;-1;0;
0.0549541;8.49832e+008;-1;0;
0.0562341;8.43779e+008;-1;0;
0.057544;8.37485e+008;-1;0;
0.0588844;8.30943e+008;-1;0;
0.060256;8.24145e+008;-1;0;
0.0616595;8.17084e+008;-1;0;
0.0630957;8.09753e+008;-1;0;
0.0645654;8.02143e+008;-1;0;
0.0660693;7.94249e+008;-1;0;
0.0676083;7.86063e+008;-1;0;
0.0691831;7.77578e+008;-1;0;
0.0707946;7.68787e+008;-1;0;
0.0724436;7.59685e+008;-1;0;
0.074131;7.50265e+008;-1;0;
0.0758578;7.40521e+008;-1;0;
0.0776247;7.30449e+008;-1;0;
0.0794328;7.20044e+008;-1;0;
0.0812831;7.09301e+008;-1;0;
0.0831764;6.98218e+008;-1;0;
0.0851138;6.86791e+008;-1;0;
0.0870964;6.75019e+008;-1;0;
0.0891251;6.62902e+008;-1;0;
0.0912011;6.50438e+008;-1;0;
0.0933254;6.3763e+008;-1;0;
0.0954993;6.2448e+008;-1;0;
0.0977237;6.10991e+008;-1;0;
0.1;5.97169e+008;-1;0;
0.102329;5.8302e+008;-1;0;
0.104713;5.68553e+008;-1;0;
0.107152;5.53777e+008;-1;0;
0.109648;5.38705e+008;-1;0;
0.112202;5.2335e+008;-1;0;
0.114815;5.07728e+008;-1;0;
0.11749;4.91857e+008;-1;0;
0.120226;4.75757e+008;-1;0;
0.123027;4.59449e+008;-1;0;
0.125893;4.42959e+008;-1;0;
0.128825;4.26313e+008;-1;0;
0.131826;4.0954e+008;-1;0;
0.134896;3.92672e+008;-1;0;
0.138038;3.75741e+008;-1;0;
0.141254;3.58785e+008;-1;0;
0.144544;3.41839e+008;-1;0;
0.147911;3.24945e+008;-1;0;
0.151356;3.08143e+008;-1;0;
0.154882;2.91477e+008;-1;0;
0.158489;2.7499e+008;-1;0;
0.162181;2.58727e+008;-1;0;
0.165959;2.42735e+008;-1;0;
0.169824;2.27058e+008;-1;0;
0.17378;2.11742e+008;-1;0;
0.177828;1.96833e+008;-1;0;
0.18197;1.82372e+008;-1;0;
0.186209;1.68403e+008;-1;0;
0.190546;1.54963e+008;-1;0;
0.194984;1.4209e+008;-1;0;
0.199526;1.29816e+008;-1;0;
0.204174;1.18169e+008;-1;0;
0.20893;1.07173e+008;-1;0;
0.213796;9.68464e+007;-1;0;
0.218776;8.72022e+007;-1;0;
0.223872;7.82473e+007;-1;0;
0.229087;6.99822e+007;-1;0;
0.234423;6.2401e+007;-1;0;
0.239883;5.54916e+007;-1;0;
0.245471;4.92352e+007;-1;0;
0.251189;4.36073e+007;-1;0;
0.25704;3.85777e+007;-1;0;
0.263027;3.41114e+007;-1;0;
0.269153;3.0169e+007;-1;0;
0.275423;2.67081e+007;-1;0;
0.281838;2.36839e+007;-1;0;
0.288403;2.10504e+007;-1;0;
0.295121;1.87618e+007;-1;0;
0.301995;1.67734e+007;-1;0;
0.30903;1.50426e+007;-1;0;
0.316228;1.35301e+007;-1;0;
0.323594;1.22007e+007;-1;0;
0.331131;1.10236e+007;-1;0;
0.338844;9.97323e+006;-1;0;
0.346737;9.02882e+006;-1;0;
0.354813;8.1745e+006;-1;0;
0.363078;7.39873e+006;-1;0;
0.371535;6.6936e+006;-1;0;
0.380189;6.05397e+006;-1;0;
0.389045;5.47646e+006;-1;0;
0.398107;4.95857e+006;-1;0;
0.40738;4.49772e+006;-1;0;
0.416869;4.09063e+006;-1;0;
0.42658;3.7329e+006;-1;0;
0.436516;3.41886e+006;-1;0;
0.446684;3.14181e+006;-1;0;
0.457088;2.89444e+006;-1;0;
0.467735;2.66951e+006;-1;0;
0.47863;2.46056e+006;-1;0;
0.489779;2.26258e+006;-1;0;
0.501187;2.07248e+006;-1;0;
0.512861;1.88922e+006;-1;0;
0.524807;1.71369e+006;-1;0;
0.537032;1.54813e+006;-1;0;
0.549541;1.39534e+006;-1;0;
0.562341;1.25787e+006;-1;0;
0.57544;1.13717e+006;-1;0;
0.588844;1.03316e+006;-1;0;
0.60256;944074;-1;0;
0.616595;866841;-1;0;
0.630957;797791;-1;0;
0.645654;733520;-1;0;
0.660693;671682;-1;0;
0.676083;611443;-1;0;
0.691831;553449;-1;0;
0.707946;499312;-1;0;
0.724436;450779;-1;0;
0.74131;408902;-1;0;
0.758578;373519;-1;0;
0.776247;343262;-1;0;
0.794328;316102;-1;0;
0.812831;290186;-1;0;
0.831764;264570;-1;0;
0.851138;239498;-1;0;
0.870964;216070;-1;0;
0.891251;195473;-1;0;
0.912011;178198;-1;0;
0.933254;163712;-1;0;
0.954993;150770;-1;0;
0.977237;138186;-1;0;
1;125543;-1;0;

