0.01;1.09788e+009;-1;0;
0.0102329;1.09805e+009;-1;0;
0.0104713;1.09822e+009;-1;0;
0.0107152;1.09841e+009;-1;0;
0.0109648;1.0986e+009;-1;0;
0.0112202;1.0988e+009;-1;0;
0.0114815;1.09901e+009;-1;0;
0.011749;1.09924e+009;-1;0;
0.0120226;1.09947e+009;-1;0;
0.0123027;1.09971e+009;-1;0;
0.0125893;1.09996e+009;-1;0;
0.0128825;1.10023e+009;-1;0;
0.0131826;1.10051e+009;-1;0;
0.0134896;1.1008e+009;-1;0;
0.0138038;1.10111e+009;-1;0;
0.0141254;1.10143e+009;-1;0;
0.0144544;1.10177e+009;-1;0;
0.0147911;1.10212e+009;-1;0;
0.0151356;1.10249e+009;-1;0;
0.0154882;1.10288e+009;-1;0;
0.0158489;1.10329e+009;-1;0;
0.0162181;1.10371e+009;-1;0;
0.0165959;1.10416e+009;-1;0;
0.0169824;1.10463e+009;-1;0;
0.017378;1.10512e+009;-1;0;
0.0177828;1.10563e+009;-1;0;
0.018197;1.10617e+009;-1;0;
0.0186209;1.10673e+009;-1;0;
0.0190546;1.10732e+009;-1;0;
0.0194984;1.10794e+009;-1;0;
0.0199526;1.10859e+009;-1;0;
0.0204174;1.10928e+009;-1;0;
0.020893;1.10999e+009;-1;0;
0.0213796;1.11074e+009;-1;0;
0.0218776;1.11153e+009;-1;0;
0.0223872;1.11235e+009;-1;0;
0.0229087;1.11322e+009;-1;0;
0.0234423;1.11413e+009;-1;0;
0.0239883;1.11508e+009;-1;0;
0.0245471;1.11608e+009;-1;0;
0.0251189;1.11712e+009;-1;0;
0.025704;1.11822e+009;-1;0;
0.0263027;1.11938e+009;-1;0;
0.0269153;1.12059e+009;-1;0;
0.0275423;1.12186e+009;-1;0;
0.0281838;1.12319e+009;-1;0;
0.0288403;1.1246e+009;-1;0;
0.0295121;1.12607e+009;-1;0;
0.0301995;1.12761e+009;-1;0;
0.030903;1.12923e+009;-1;0;
0.0316228;1.13094e+009;-1;0;
0.0323594;1.13273e+009;-1;0;
0.0331131;1.13461e+009;-1;0;
0.0338844;1.13659e+009;-1;0;
0.0346737;1.13867e+009;-1;0;
0.0354813;1.14085e+009;-1;0;
0.0363078;1.14315e+009;-1;0;
0.0371535;1.14557e+009;-1;0;
0.0380189;1.14811e+009;-1;0;
0.0389045;1.15078e+009;-1;0;
0.0398107;1.1536e+009;-1;0;
0.040738;1.15656e+009;-1;0;
0.0416869;1.15968e+009;-1;0;
0.042658;1.16297e+009;-1;0;
0.0436516;1.16643e+009;-1;0;
0.0446684;1.17008e+009;-1;0;
0.0457088;1.17392e+009;-1;0;
0.0467735;1.17797e+009;-1;0;
0.047863;1.18225e+009;-1;0;
0.0489779;1.18676e+009;-1;0;
0.0501187;1.19152e+009;-1;0;
0.0512861;1.19655e+009;-1;0;
0.0524807;1.20186e+009;-1;0;
0.0537032;1.20747e+009;-1;0;
0.0549541;1.2134e+009;-1;0;
0.0562341;1.21967e+009;-1;0;
0.057544;1.2263e+009;-1;0;
0.0588844;1.23332e+009;-1;0;
0.060256;1.24076e+009;-1;0;
0.0616595;1.24864e+009;-1;0;
0.0630957;1.25699e+009;-1;0;
0.0645654;1.26585e+009;-1;0;
0.0660693;1.27524e+009;-1;0;
0.0676083;1.28522e+009;-1;0;
0.0691831;1.29582e+009;-1;0;
0.0707946;1.30709e+009;-1;0;
0.0724436;1.31907e+009;-1;0;
0.074131;1.33182e+009;-1;0;
0.0758578;1.34539e+009;-1;0;
0.0776247;1.35984e+009;-1;0;
0.0794328;1.37525e+009;-1;0;
0.0812831;1.39168e+009;-1;0;
0.0831764;1.4092e+009;-1;0;
0.0851138;1.42789e+009;-1;0;
0.0870964;1.44784e+009;-1;0;
0.0891251;1.46912e+009;-1;0;
0.0912011;1.49183e+009;-1;0;
0.0933254;1.51605e+009;-1;0;
0.0954993;1.54186e+009;-1;0;
0.0977237;1.56933e+009;-1;0;
0.1;1.5985e+009;-1;0;
0.102329;1.62941e+009;-1;0;
0.104713;1.66204e+009;-1;0;
0.107152;1.69629e+009;-1;0;
0.109648;1.73199e+009;-1;0;
0.112202;1.76881e+009;-1;0;
0.114815;1.80627e+009;-1;0;
0.11749;1.84359e+009;-1;0;
0.120226;1.87966e+009;-1;0;
0.123027;1.91292e+009;-1;0;
0.125893;1.94124e+009;-1;0;
0.128825;1.96181e+009;-1;0;
0.131826;1.97107e+009;-1;0;
0.134896;1.96477e+009;-1;0;
0.138038;1.93822e+009;-1;0;
0.141254;1.88678e+009;-1;0;
0.144544;1.80678e+009;-1;0;
0.147911;1.69656e+009;-1;0;
0.151356;1.55757e+009;-1;0;
0.154882;1.39487e+009;-1;0;
0.158489;1.21675e+009;-1;0;
0.162181;1.03344e+009;-1;0;
0.165959;8.55093e+008;-1;0;
0.169824;6.90157e+008;-1;0;
0.17378;5.44273e+008;-1;0;
0.177828;4.20144e+008;-1;0;
0.18197;3.18019e+008;-1;0;
0.186209;2.36456e+008;-1;0;
0.190546;1.73077e+008;-1;0;
0.194984;1.25149e+008;-1;0;
0.199526;8.99691e+007;-1;0;
0.204174;6.50767e+007;-1;0;
0.20893;4.83405e+007;-1;0;
0.213796;3.79752e+007;-1;0;
0.218776;3.25155e+007;-1;0;
0.223872;3.07729e+007;-1;0;
0.229087;3.17869e+007;-1;0;
0.234423;3.47774e+007;-1;0;
0.239883;3.91016e+007;-1;0;
0.245471;4.4217e+007;-1;0;
0.251189;4.96487e+007;-1;0;
0.25704;5.49638e+007;-1;0;
0.263027;5.97532e+007;-1;0;
0.269153;6.36228e+007;-1;0;
0.275423;6.61993e+007;-1;0;
0.281838;6.71538e+007;-1;0;
0.288403;6.62456e+007;-1;0;
0.295121;6.33794e+007;-1;0;
0.301995;5.86609e+007;-1;0;
0.30903;5.24224e+007;-1;0;
0.316228;4.51959e+007;-1;0;
0.323594;3.76257e+007;-1;0;
0.331131;3.03463e+007;-1;0;
0.338844;2.38702e+007;-1;0;
0.346737;1.85203e+007;-1;0;
0.354813;1.4422e+007;-1;0;
0.363078;1.15371e+007;-1;0;
0.371535;9.71824e+006;-1;0;
0.380189;8.75946e+006;-1;0;
0.389045;8.43515e+006;-1;0;
0.398107;8.52387e+006;-1;0;
0.40738;8.8211e+006;-1;0;
0.416869;9.14582e+006;-1;0;
0.42658;9.34621e+006;-1;0;
0.436516;9.30818e+006;-1;0;
0.446684;8.96775e+006;-1;0;
0.457088;8.32319e+006;-1;0;
0.467735;7.43815e+006;-1;0;
0.47863;6.42696e+006;-1;0;
0.489779;5.422e+006;-1;0;
0.501187;4.53582e+006;-1;0;
0.512861;3.8351e+006;-1;0;
0.524807;3.33533e+006;-1;0;
0.537032;3.01191e+006;-1;0;
0.549541;2.81758e+006;-1;0;
0.562341;2.69803e+006;-1;0;
0.57544;2.60286e+006;-1;0;
0.588844;2.49273e+006;-1;0;
0.60256;2.34441e+006;-1;0;
0.616595;2.15378e+006;-1;0;
0.630957;1.93454e+006;-1;0;
0.645654;1.71112e+006;-1;0;
0.660693;1.50765e+006;-1;0;
0.676083;1.33891e+006;-1;0;
0.691831;1.20764e+006;-1;0;
0.707946;1.10743e+006;-1;0;
0.724436;1.0275e+006;-1;0;
0.74131;956824;-1;0;
0.758578;886950;-1;0;
0.776247;813770;-1;0;
0.794328;738093;-1;0;
0.812831;664273;-1;0;
0.831764;597317;-1;0;
0.851138;540247;-1;0;
0.870964;493146;-1;0;
0.891251;453695;-1;0;
0.912011;418407;-1;0;
0.933254;384175;-1;0;
0.954993;349753;-1;0;
0.977237;316205;-1;0;
1;285720;-1;0;

