Filename:testEllipsoid.dat**a=20**b=10**Reff=12.5992**volF=0.15
File format : Q, <FQ>, <FQ>^2, <FQ^2>, betaQ, SQ, SQ_Eff
1.000000e-003	9.999800e-001	9.999600e-001	9.999600e-001	1.000000e+000	3.088928e-001	3.088928e-001
2.000000e-003	9.999200e-001	9.998400e-001	9.998400e-001	1.000000e+000	3.089297e-001	3.089297e-001
3.000000e-003	9.998199e-001	9.996401e-001	9.996401e-001	1.000000e+000	3.089926e-001	3.089926e-001
4.000000e-003	9.996799e-001	9.993602e-001	9.993602e-001	1.000000e+000	3.090806e-001	3.090806e-001
5.000000e-003	9.994999e-001	9.990005e-001	9.990005e-001	9.999999e-001	3.091938e-001	3.091938e-001
6.000000e-003	9.992800e-001	9.985610e-001	9.985611e-001	9.999999e-001	3.093322e-001	3.093323e-001
7.000000e-003	9.990200e-001	9.980418e-001	9.980420e-001	9.999998e-001	3.094959e-001	3.094960e-001
8.000000e-003	9.987202e-001	9.974430e-001	9.974434e-001	9.999997e-001	3.096848e-001	3.096850e-001
9.000000e-003	9.983805e-001	9.967649e-001	9.967654e-001	9.999995e-001	3.098990e-001	3.098994e-001
1.000000e-002	9.980010e-001	9.960074e-001	9.960082e-001	9.999992e-001	3.101386e-001	3.101392e-001
1.100000e-002	9.975816e-001	9.951709e-001	9.951720e-001	9.999988e-001	3.104037e-001	3.104045e-001
1.200000e-002	9.971225e-001	9.942554e-001	9.942570e-001	9.999983e-001	3.106942e-001	3.106953e-001
1.300000e-002	9.966236e-001	9.932612e-001	9.932634e-001	9.999977e-001	3.110103e-001	3.110118e-001
1.400000e-002	9.960851e-001	9.921885e-001	9.921915e-001	9.999969e-001	3.113519e-001	3.113541e-001
1.500000e-002	9.955070e-001	9.910375e-001	9.910415e-001	9.999959e-001	3.117193e-001	3.117221e-001
1.600000e-002	9.948893e-001	9.898085e-001	9.898137e-001	9.999947e-001	3.121125e-001	3.121161e-001
1.700000e-002	9.942321e-001	9.885018e-001	9.885085e-001	9.999933e-001	3.125315e-001	3.125361e-001
1.800000e-002	9.935355e-001	9.871177e-001	9.871260e-001	9.999916e-001	3.129765e-001	3.129823e-001
1.900000e-002	9.927996e-001	9.856564e-001	9.856667e-001	9.999895e-001	3.134476e-001	3.134548e-001
2.000000e-002	9.920244e-001	9.841183e-001	9.841309e-001	9.999872e-001	3.139448e-001	3.139536e-001
2.100000e-002	9.912100e-001	9.825037e-001	9.825191e-001	9.999844e-001	3.144683e-001	3.144790e-001
2.200000e-002	9.903565e-001	9.808130e-001	9.808315e-001	9.999812e-001	3.150182e-001	3.150311e-001
2.300000e-002	9.894639e-001	9.790466e-001	9.790686e-001	9.999775e-001	3.155947e-001	3.156101e-001
2.400000e-002	9.885324e-001	9.772048e-001	9.772309e-001	9.999733e-001	3.161978e-001	3.162160e-001
2.500000e-002	9.875621e-001	9.752881e-001	9.753187e-001	9.999686e-001	3.168276e-001	3.168491e-001
2.600000e-002	9.865531e-001	9.732968e-001	9.733326e-001	9.999632e-001	3.174845e-001	3.175096e-001
2.700000e-002	9.855054e-001	9.712314e-001	9.712730e-001	9.999572e-001	3.181684e-001	3.181975e-001
2.800000e-002	9.844191e-001	9.690924e-001	9.691404e-001	9.999505e-001	3.188795e-001	3.189132e-001
2.900000e-002	9.832945e-001	9.668803e-001	9.669354e-001	9.999430e-001	3.196180e-001	3.196568e-001
3.000000e-002	9.821316e-001	9.645954e-001	9.646584e-001	9.999347e-001	3.203841e-001	3.204285e-001
3.100000e-002	9.809305e-001	9.622384e-001	9.623101e-001	9.999255e-001	3.211780e-001	3.212285e-001
3.200000e-002	9.796913e-001	9.598097e-001	9.598909e-001	9.999154e-001	3.219997e-001	3.220571e-001
3.300000e-002	9.784142e-001	9.573099e-001	9.574015e-001	9.999043e-001	3.228496e-001	3.229144e-001
3.400000e-002	9.770992e-001	9.547394e-001	9.548425e-001	9.998921e-001	3.237277e-001	3.238007e-001
3.500000e-002	9.757467e-001	9.520990e-001	9.522144e-001	9.998788e-001	3.246343e-001	3.247162e-001
3.600000e-002	9.743565e-001	9.493890e-001	9.495180e-001	9.998642e-001	3.255696e-001	3.256612e-001
3.700000e-002	9.729290e-001	9.466102e-001	9.467537e-001	9.998484e-001	3.265339e-001	3.266359e-001
3.800000e-002	9.714643e-001	9.437632e-001	9.439224e-001	9.998313e-001	3.275272e-001	3.276407e-001
3.900000e-002	9.699624e-001	9.408485e-001	9.410247e-001	9.998127e-001	3.285499e-001	3.286756e-001
4.000000e-002	9.684236e-001	9.378667e-001	9.380612e-001	9.997926e-001	3.296021e-001	3.297411e-001
4.100000e-002	9.668480e-001	9.348186e-001	9.350327e-001	9.997709e-001	3.306842e-001	3.308375e-001
4.200000e-002	9.652358e-001	9.317047e-001	9.319399e-001	9.997476e-001	3.317963e-001	3.319649e-001
4.300000e-002	9.635872e-001	9.285258e-001	9.287835e-001	9.997225e-001	3.329387e-001	3.331237e-001
4.400000e-002	9.619022e-001	9.252825e-001	9.255642e-001	9.996956e-001	3.341116e-001	3.343143e-001
4.500000e-002	9.601811e-001	9.219755e-001	9.222828e-001	9.996668e-001	3.353154e-001	3.355368e-001
4.600000e-002	9.584240e-001	9.186056e-001	9.189401e-001	9.996359e-001	3.365502e-001	3.367917e-001
4.700000e-002	9.566312e-001	9.151734e-001	9.155369e-001	9.996030e-001	3.378164e-001	3.380793e-001
4.800000e-002	9.548028e-001	9.116796e-001	9.120738e-001	9.995678e-001	3.391142e-001	3.393998e-001
4.900000e-002	9.529390e-001	9.081251e-001	9.085519e-001	9.995303e-001	3.404440e-001	3.407537e-001
5.000000e-002	9.510399e-001	9.045106e-001	9.049717e-001	9.994904e-001	3.418059e-001	3.421413e-001
5.100000e-002	9.491058e-001	9.008367e-001	9.013343e-001	9.994480e-001	3.432004e-001	3.435629e-001
5.200000e-002	9.471369e-001	8.971044e-001	8.976403e-001	9.994030e-001	3.446277e-001	3.450190e-001
5.300000e-002	9.451334e-001	8.933144e-001	8.938907e-001	9.993553e-001	3.460882e-001	3.465098e-001
5.400000e-002	9.430954e-001	8.894675e-001	8.900863e-001	9.993047e-001	3.475821e-001	3.480357e-001
5.500000e-002	9.410232e-001	8.855644e-001	8.862280e-001	9.992512e-001	3.491098e-001	3.495972e-001
5.600000e-002	9.389169e-001	8.816061e-001	8.823167e-001	9.991946e-001	3.506716e-001	3.511946e-001
5.700000e-002	9.367769e-001	8.775932e-001	8.783532e-001	9.991348e-001	3.522679e-001	3.528283e-001
5.800000e-002	9.346032e-001	8.735268e-001	8.743384e-001	9.990717e-001	3.538990e-001	3.544987e-001
5.900000e-002	9.323962e-001	8.694075e-001	8.702733e-001	9.990052e-001	3.555652e-001	3.562063e-001
6.000000e-002	9.301560e-001	8.652364e-001	8.661587e-001	9.989352e-001	3.572670e-001	3.579514e-001
6.100000e-002	9.278829e-001	8.610141e-001	8.619955e-001	9.988614e-001	3.590047e-001	3.597345e-001
6.200000e-002	9.255770e-001	8.567416e-001	8.577848e-001	9.987839e-001	3.607786e-001	3.615560e-001
6.300000e-002	9.232387e-001	8.524198e-001	8.535274e-001	9.987024e-001	3.625892e-001	3.634163e-001
6.400000e-002	9.208681e-001	8.480496e-001	8.492242e-001	9.986168e-001	3.644368e-001	3.653159e-001
6.500000e-002	9.184656e-001	8.436317e-001	8.448762e-001	9.985270e-001	3.663219e-001	3.672553e-001
6.600000e-002	9.160312e-001	8.391672e-001	8.404844e-001	9.984329e-001	3.682448e-001	3.692348e-001
6.700000e-002	9.135653e-001	8.346570e-001	8.360497e-001	9.983342e-001	3.702059e-001	3.712550e-001
6.800000e-002	9.110681e-001	8.301019e-001	8.315731e-001	9.982309e-001	3.722057e-001	3.733163e-001
6.900000e-002	9.085399e-001	8.255028e-001	8.270555e-001	9.981227e-001	3.742445e-001	3.754192e-001
7.000000e-002	9.059809e-001	8.208608e-001	8.224979e-001	9.980096e-001	3.763229e-001	3.775642e-001
7.100000e-002	9.033914e-001	8.161767e-001	8.179013e-001	9.978914e-001	3.784411e-001	3.797517e-001
7.200000e-002	9.007715e-001	8.114514e-001	8.132667e-001	9.977679e-001	3.805997e-001	3.819823e-001
7.300000e-002	8.981217e-001	8.066859e-001	8.085950e-001	9.976390e-001	3.827992e-001	3.842564e-001
7.400000e-002	8.954420e-001	8.018812e-001	8.038872e-001	9.975045e-001	3.850399e-001	3.865745e-001
7.500000e-002	8.927329e-001	7.970381e-001	7.991444e-001	9.973642e-001	3.873223e-001	3.889372e-001
7.600000e-002	8.899945e-001	7.921576e-001	7.943676e-001	9.972180e-001	3.896469e-001	3.913449e-001
7.700000e-002	8.872272e-001	7.872408e-001	7.895576e-001	9.970657e-001	3.920141e-001	3.937981e-001
7.800000e-002	8.844312e-001	7.822885e-001	7.847155e-001	9.969071e-001	3.944244e-001	3.962974e-001
7.900000e-002	8.816067e-001	7.773017e-001	7.798424e-001	9.967420e-001	3.968784e-001	3.988433e-001
8.000000e-002	8.787541e-001	7.722813e-001	7.749391e-001	9.965703e-001	3.993764e-001	4.014363e-001
8.100000e-002	8.758736e-001	7.672284e-001	7.700068e-001	9.963917e-001	4.019189e-001	4.040770e-001
8.200000e-002	8.729655e-001	7.621440e-001	7.650464e-001	9.962062e-001	4.045065e-001	4.067657e-001
8.300000e-002	8.700301e-001	7.570288e-001	7.600589e-001	9.960134e-001	4.071397e-001	4.095032e-001
8.400000e-002	8.670677e-001	7.518841e-001	7.550453e-001	9.958132e-001	4.098189e-001	4.122899e-001
8.500000e-002	8.640785e-001	7.467107e-001	7.500066e-001	9.956054e-001	4.125447e-001	4.151263e-001
8.600000e-002	8.610629e-001	7.415096e-001	7.449439e-001	9.953899e-001	4.153175e-001	4.180130e-001
8.700000e-002	8.580211e-001	7.362817e-001	7.398580e-001	9.951663e-001	4.181380e-001	4.209505e-001
8.800000e-002	8.549534e-001	7.310282e-001	7.347501e-001	9.949345e-001	4.210065e-001	4.239394e-001
8.900000e-002	8.518602e-001	7.257498e-001	7.296210e-001	9.946942e-001	4.239236e-001	4.269801e-001
9.000000e-002	8.487417e-001	7.204477e-001	7.244719e-001	9.944454e-001	4.268898e-001	4.300732e-001
9.100000e-002	8.455982e-001	7.151228e-001	7.193036e-001	9.941877e-001	4.299057e-001	4.332193e-001
9.200000e-002	8.424301e-001	7.097760e-001	7.141172e-001	9.939209e-001	4.329718e-001	4.364188e-001
9.300000e-002	8.392375e-001	7.044084e-001	7.089136e-001	9.936449e-001	4.360885e-001	4.396722e-001
9.400000e-002	8.360209e-001	6.990209e-001	7.036939e-001	9.933593e-001	4.392565e-001	4.429802e-001
9.500000e-002	8.327805e-001	6.936145e-001	6.984590e-001	9.930639e-001	4.424762e-001	4.463432e-001
9.600000e-002	8.295167e-001	6.881902e-001	6.932099e-001	9.927586e-001	4.457482e-001	4.497618e-001
9.700000e-002	8.262297e-001	6.827488e-001	6.879476e-001	9.924431e-001	4.490730e-001	4.532363e-001
9.800000e-002	8.229199e-001	6.772915e-001	6.826730e-001	9.921171e-001	4.524512e-001	4.567674e-001
9.900000e-002	8.195875e-001	6.718192e-001	6.773870e-001	9.917805e-001	4.558832e-001	4.603556e-001
1.000000e-001	8.162329e-001	6.663328e-001	6.720907e-001	9.914328e-001	4.593695e-001	4.640012e-001
1.010000e-001	8.128565e-001	6.608333e-001	6.667850e-001	9.910740e-001	4.629108e-001	4.677048e-001
1.020000e-001	8.094584e-001	6.553216e-001	6.614708e-001	9.907038e-001	4.665074e-001	4.714669e-001
1.030000e-001	8.060391e-001	6.497987e-001	6.561491e-001	9.903218e-001	4.701600e-001	4.752878e-001
1.040000e-001	8.025989e-001	6.442656e-001	6.508207e-001	9.899279e-001	4.738689e-001	4.791682e-001
1.050000e-001	7.991380e-001	6.387232e-001	6.454867e-001	9.895218e-001	4.776348e-001	4.831083e-001
1.060000e-001	7.956568e-001	6.331724e-001	6.401479e-001	9.891032e-001	4.814581e-001	4.871086e-001
1.070000e-001	7.921557e-001	6.276141e-001	6.348053e-001	9.886718e-001	4.853393e-001	4.911694e-001
1.080000e-001	7.886348e-001	6.220494e-001	6.294597e-001	9.882275e-001	4.892788e-001	4.952913e-001
1.090000e-001	7.850947e-001	6.164791e-001	6.241121e-001	9.877698e-001	4.932772e-001	4.994745e-001
1.100000e-001	7.815356e-001	6.109041e-001	6.187633e-001	9.872985e-001	4.973349e-001	5.037195e-001
1.110000e-001	7.779578e-001	6.053254e-001	6.134142e-001	9.868134e-001	5.014523e-001	5.080264e-001
1.120000e-001	7.743616e-001	5.997438e-001	6.080658e-001	9.863141e-001	5.056298e-001	5.123957e-001
1.130000e-001	7.707474e-001	5.941603e-001	6.027187e-001	9.858003e-001	5.098680e-001	5.168277e-001
1.140000e-001	7.671156e-001	5.885758e-001	5.973740e-001	9.852719e-001	5.141671e-001	5.213225e-001
1.150000e-001	7.634664e-001	5.829912e-001	5.920324e-001	9.847284e-001	5.185276e-001	5.258805e-001
1.160000e-001	7.598001e-001	5.774073e-001	5.866949e-001	9.841696e-001	5.229499e-001	5.305018e-001
1.170000e-001	7.561172e-001	5.718250e-001	5.813621e-001	9.835952e-001	5.274343e-001	5.351866e-001
1.180000e-001	7.524179e-001	5.662452e-001	5.760350e-001	9.830048e-001	5.319811e-001	5.399351e-001
1.190000e-001	7.487026e-001	5.606687e-001	5.707143e-001	9.823982e-001	5.365906e-001	5.447475e-001
1.200000e-001	7.449717e-001	5.550965e-001	5.654009e-001	9.817751e-001	5.412632e-001	5.496237e-001
1.210000e-001	7.412253e-001	5.495293e-001	5.600955e-001	9.811350e-001	5.459991e-001	5.545638e-001
1.220000e-001	7.374640e-001	5.439681e-001	5.547990e-001	9.804778e-001	5.507986e-001	5.595680e-001
1.230000e-001	7.336879e-001	5.384135e-001	5.495120e-001	9.798031e-001	5.556618e-001	5.646360e-001
1.240000e-001	7.298976e-001	5.328665e-001	5.442353e-001	9.791105e-001	5.605889e-001	5.697680e-001
1.250000e-001	7.260932e-001	5.273279e-001	5.389698e-001	9.783998e-001	5.655802e-001	5.749637e-001
1.260000e-001	7.222751e-001	5.217985e-001	5.337160e-001	9.776706e-001	5.706357e-001	5.802231e-001
1.270000e-001	7.184438e-001	5.162790e-001	5.284749e-001	9.769226e-001	5.757555e-001	5.855459e-001
1.280000e-001	7.145994e-001	5.107703e-001	5.232470e-001	9.761553e-001	5.809396e-001	5.909320e-001
1.290000e-001	7.107424e-001	5.052732e-001	5.180330e-001	9.753686e-001	5.861881e-001	5.963809e-001
1.300000e-001	7.068730e-001	4.997883e-001	5.128337e-001	9.745621e-001	5.915010e-001	6.018924e-001
1.310000e-001	7.029917e-001	4.943165e-001	5.076498e-001	9.737353e-001	5.968782e-001	6.074660e-001
1.320000e-001	6.990988e-001	4.888586e-001	5.024819e-001	9.728880e-001	6.023195e-001	6.131014e-001
1.330000e-001	6.951945e-001	4.834152e-001	4.973306e-001	9.720199e-001	6.078249e-001	6.187980e-001
1.340000e-001	6.912793e-001	4.779872e-001	4.921967e-001	9.711304e-001	6.133941e-001	6.245552e-001
1.350000e-001	6.873534e-001	4.725751e-001	4.870807e-001	9.702194e-001	6.190268e-001	6.303724e-001
1.360000e-001	6.834173e-001	4.671798e-001	4.819833e-001	9.692864e-001	6.247228e-001	6.362489e-001
1.370000e-001	6.794712e-001	4.618020e-001	4.769051e-001	9.683311e-001	6.304817e-001	6.421840e-001
1.380000e-001	6.755155e-001	4.564423e-001	4.718466e-001	9.673531e-001	6.363031e-001	6.481767e-001
1.390000e-001	6.715506e-001	4.511014e-001	4.668085e-001	9.663520e-001	6.421865e-001	6.542263e-001
1.400000e-001	6.675767e-001	4.457799e-001	4.617914e-001	9.653275e-001	6.481314e-001	6.603316e-001
1.410000e-001	6.635942e-001	4.404786e-001	4.567958e-001	9.642792e-001	6.541372e-001	6.664917e-001
1.420000e-001	6.596034e-001	4.351982e-001	4.518222e-001	9.632067e-001	6.602032e-001	6.727054e-001
1.430000e-001	6.556047e-001	4.299391e-001	4.468712e-001	9.621097e-001	6.663287e-001	6.789716e-001
1.440000e-001	6.515985e-001	4.247021e-001	4.419433e-001	9.609878e-001	6.725128e-001	6.852888e-001
1.450000e-001	6.475849e-001	4.194878e-001	4.370391e-001	9.598405e-001	6.787548e-001	6.916558e-001
1.460000e-001	6.435645e-001	4.142968e-001	4.321590e-001	9.586676e-001	6.850537e-001	6.980711e-001
1.470000e-001	6.395375e-001	4.091297e-001	4.273035e-001	9.574686e-001	6.914083e-001	7.045332e-001
1.480000e-001	6.355042e-001	4.039870e-001	4.224731e-001	9.562431e-001	6.978178e-001	7.110403e-001
1.490000e-001	6.314650e-001	3.988693e-001	4.176682e-001	9.549908e-001	7.042808e-001	7.175908e-001
1.500000e-001	6.274202e-001	3.937773e-001	4.128894e-001	9.537113e-001	7.107961e-001	7.241829e-001
1.510000e-001	6.233701e-001	3.887113e-001	4.081370e-001	9.524042e-001	7.173623e-001	7.308147e-001
1.520000e-001	6.193152e-001	3.836721e-001	4.034114e-001	9.510690e-001	7.239780e-001	7.374841e-001
1.530000e-001	6.152556e-001	3.786601e-001	3.987132e-001	9.497055e-001	7.306417e-001	7.441890e-001
1.540000e-001	6.111917e-001	3.736758e-001	3.940426e-001	9.483131e-001	7.373518e-001	7.509273e-001
1.550000e-001	6.071240e-001	3.687197e-001	3.894001e-001	9.468916e-001	7.441066e-001	7.576967e-001
1.560000e-001	6.030526e-001	3.637923e-001	3.847860e-001	9.454405e-001	7.509042e-001	7.644948e-001
1.570000e-001	5.989779e-001	3.588941e-001	3.802008e-001	9.439594e-001	7.577428e-001	7.713190e-001
1.580000e-001	5.949002e-001	3.540255e-001	3.756447e-001	9.424480e-001	7.646203e-001	7.781669e-001
1.590000e-001	5.908200e-001	3.491871e-001	3.711181e-001	9.409057e-001	7.715348e-001	7.850357e-001
1.600000e-001	5.867374e-001	3.443792e-001	3.666213e-001	9.393324e-001	7.784839e-001	7.919228e-001
1.610000e-001	5.826528e-001	3.396024e-001	3.621547e-001	9.377275e-001	7.854654e-001	7.988251e-001
1.620000e-001	5.785665e-001	3.348569e-001	3.577185e-001	9.360906e-001	7.924770e-001	8.057397e-001
1.630000e-001	5.744788e-001	3.301432e-001	3.533130e-001	9.344214e-001	7.995161e-001	8.126636e-001
1.640000e-001	5.703902e-001	3.254618e-001	3.489385e-001	9.327195e-001	8.065802e-001	8.195936e-001
1.650000e-001	5.663008e-001	3.208129e-001	3.445954e-001	9.309844e-001	8.136666e-001	8.265265e-001
1.660000e-001	5.622110e-001	3.161970e-001	3.402837e-001	9.292158e-001	8.207724e-001	8.334589e-001
1.670000e-001	5.581211e-001	3.116144e-001	3.360038e-001	9.274133e-001	8.278949e-001	8.403875e-001
1.680000e-001	5.540314e-001	3.070655e-001	3.317560e-001	9.255765e-001	8.350310e-001	8.473086e-001
1.690000e-001	5.499422e-001	3.025506e-001	3.275403e-001	9.237050e-001	8.421777e-001	8.542187e-001
1.700000e-001	5.458539e-001	2.980701e-001	3.233571e-001	9.217985e-001	8.493318e-001	8.611143e-001
1.710000e-001	5.417668e-001	2.936242e-001	3.192065e-001	9.198565e-001	8.564900e-001	8.679914e-001
1.720000e-001	5.376810e-001	2.892132e-001	3.150888e-001	9.178786e-001	8.636489e-001	8.748463e-001
1.730000e-001	5.335971e-001	2.848375e-001	3.110040e-001	9.158646e-001	8.708053e-001	8.816751e-001
1.740000e-001	5.295152e-001	2.804973e-001	3.069524e-001	9.138139e-001	8.779554e-001	8.884739e-001
1.750000e-001	5.254356e-001	2.761929e-001	3.029340e-001	9.117263e-001	8.850957e-001	8.952387e-001
1.760000e-001	5.213587e-001	2.719246e-001	2.989492e-001	9.096013e-001	8.922225e-001	9.019655e-001
1.770000e-001	5.172848e-001	2.676925e-001	2.949979e-001	9.074387e-001	8.993321e-001	9.086501e-001
1.780000e-001	5.132141e-001	2.634969e-001	2.910803e-001	9.052379e-001	9.064206e-001	9.152884e-001
1.790000e-001	5.091469e-001	2.593381e-001	2.871965e-001	9.029987e-001	9.134841e-001	9.218762e-001
1.800000e-001	5.050836e-001	2.552162e-001	2.833466e-001	9.007207e-001	9.205186e-001	9.284094e-001
1.810000e-001	5.010245e-001	2.511314e-001	2.795307e-001	8.984036e-001	9.275201e-001	9.348838e-001
1.820000e-001	4.969697e-001	2.470840e-001	2.757489e-001	8.960470e-001	9.344846e-001	9.412951e-001
1.830000e-001	4.929196e-001	2.430741e-001	2.720012e-001	8.936506e-001	9.414078e-001	9.476391e-001
1.840000e-001	4.888746e-001	2.391018e-001	2.682878e-001	8.912139e-001	9.482858e-001	9.539116e-001
1.850000e-001	4.848348e-001	2.351674e-001	2.646086e-001	8.887368e-001	9.551142e-001	9.601083e-001
1.860000e-001	4.808005e-001	2.312709e-001	2.609637e-001	8.862188e-001	9.618888e-001	9.662252e-001
1.870000e-001	4.767721e-001	2.274125e-001	2.573531e-001	8.836597e-001	9.686055e-001	9.722580e-001
1.880000e-001	4.727498e-001	2.235924e-001	2.537768e-001	8.810591e-001	9.752599e-001	9.782025e-001
1.890000e-001	4.687338e-001	2.198105e-001	2.502349e-001	8.784167e-001	9.818479e-001	9.840549e-001
1.900000e-001	4.647245e-001	2.160671e-001	2.467274e-001	8.757322e-001	9.883651e-001	9.898109e-001
1.910000e-001	4.607222e-001	2.123622e-001	2.432542e-001	8.730053e-001	9.948073e-001	9.954667e-001
1.920000e-001	4.567270e-001	2.086959e-001	2.398154e-001	8.702358e-001	1.001170e+000	1.001018e+000
1.930000e-001	4.527392e-001	2.050683e-001	2.364109e-001	8.674232e-001	1.007450e+000	1.006462e+000
1.940000e-001	4.487592e-001	2.014794e-001	2.330406e-001	8.645675e-001	1.013642e+000	1.011794e+000
1.950000e-001	4.447872e-001	1.979292e-001	2.297047e-001	8.616682e-001	1.019742e+000	1.017011e+000
1.960000e-001	4.408234e-001	1.944179e-001	2.264029e-001	8.587252e-001	1.025747e+000	1.022110e+000
1.970000e-001	4.368681e-001	1.909454e-001	2.231353e-001	8.557382e-001	1.031652e+000	1.027086e+000
1.980000e-001	4.329216e-001	1.875117e-001	2.199017e-001	8.527069e-001	1.037454e+000	1.031937e+000
1.990000e-001	4.289840e-001	1.841169e-001	2.167022e-001	8.496312e-001	1.043147e+000	1.036659e+000
2.000000e-001	4.250557e-001	1.807610e-001	2.135366e-001	8.465107e-001	1.048730e+000	1.041251e+000
2.010000e-001	4.211369e-001	1.774440e-001	2.104049e-001	8.433453e-001	1.054198e+000	1.045708e+000
2.020000e-001	4.172279e-001	1.741657e-001	2.073069e-001	8.401348e-001	1.059548e+000	1.050028e+000
2.030000e-001	4.133288e-001	1.709263e-001	2.042426e-001	8.368790e-001	1.064775e+000	1.054209e+000
2.040000e-001	4.094399e-001	1.677257e-001	2.012118e-001	8.335776e-001	1.069878e+000	1.058248e+000
2.050000e-001	4.055615e-001	1.645637e-001	1.982145e-001	8.302306e-001	1.074852e+000	1.062144e+000
2.060000e-001	4.016938e-001	1.614405e-001	1.952505e-001	8.268377e-001	1.079694e+000	1.065894e+000
2.070000e-001	3.978370e-001	1.583558e-001	1.923197e-001	8.233989e-001	1.084403e+000	1.069497e+000
2.080000e-001	3.939914e-001	1.553097e-001	1.894220e-001	8.199139e-001	1.088974e+000	1.072951e+000
2.090000e-001	3.901572e-001	1.523021e-001	1.865572e-001	8.163827e-001	1.093405e+000	1.076255e+000
2.100000e-001	3.863345e-001	1.493328e-001	1.837252e-001	8.128051e-001	1.097695e+000	1.079407e+000
2.110000e-001	3.825237e-001	1.464018e-001	1.809259e-001	8.091810e-001	1.101840e+000	1.082407e+000
2.120000e-001	3.787250e-001	1.435089e-001	1.781590e-001	8.055104e-001	1.105839e+000	1.085254e+000
2.130000e-001	3.749385e-001	1.406542e-001	1.754245e-001	8.017931e-001	1.109689e+000	1.087948e+000
2.140000e-001	3.711645e-001	1.378373e-001	1.727221e-001	7.980292e-001	1.113389e+000	1.090488e+000
2.150000e-001	3.674032e-001	1.350583e-001	1.700518e-001	7.942185e-001	1.116938e+000	1.092874e+000
2.160000e-001	3.636547e-001	1.323169e-001	1.674133e-001	7.903609e-001	1.120333e+000	1.095107e+000
2.170000e-001	3.599194e-001	1.296131e-001	1.648064e-001	7.864566e-001	1.123574e+000	1.097186e+000
2.180000e-001	3.561974e-001	1.269466e-001	1.622310e-001	7.825055e-001	1.126660e+000	1.099112e+000
2.190000e-001	3.524889e-001	1.243174e-001	1.596869e-001	7.785075e-001	1.129590e+000	1.100887e+000
2.200000e-001	3.487941e-001	1.217253e-001	1.571738e-001	7.744628e-001	1.132364e+000	1.102511e+000
2.210000e-001	3.451132e-001	1.191700e-001	1.546917e-001	7.703712e-001	1.134980e+000	1.103985e+000
2.220000e-001	3.414464e-001	1.166515e-001	1.522403e-001	7.662330e-001	1.137440e+000	1.105311e+000
2.230000e-001	3.377939e-001	1.141695e-001	1.498193e-001	7.620481e-001	1.139742e+000	1.106490e+000
2.240000e-001	3.341559e-001	1.117239e-001	1.474287e-001	7.578167e-001	1.141887e+000	1.107524e+000
2.250000e-001	3.305325e-001	1.093145e-001	1.450681e-001	7.535387e-001	1.143875e+000	1.108416e+000
2.260000e-001	3.269239e-001	1.069410e-001	1.427375e-001	7.492145e-001	1.145708e+000	1.109166e+000
2.270000e-001	3.233303e-001	1.046032e-001	1.404364e-001	7.448439e-001	1.147385e+000	1.109779e+000
2.280000e-001	3.197520e-001	1.023010e-001	1.381648e-001	7.404273e-001	1.148908e+000	1.110255e+000
2.290000e-001	3.161890e-001	1.000341e-001	1.359225e-001	7.359648e-001	1.150277e+000	1.110599e+000
2.300000e-001	3.126415e-001	9.780237e-002	1.337091e-001	7.314564e-001	1.151494e+000	1.110812e+000
2.310000e-001	3.091097e-001	9.560548e-002	1.315245e-001	7.269026e-001	1.152561e+000	1.110897e+000
2.320000e-001	3.055938e-001	9.344324e-002	1.293684e-001	7.223033e-001	1.153479e+000	1.110858e+000
2.330000e-001	3.020939e-001	9.131541e-002	1.272407e-001	7.176589e-001	1.154249e+000	1.110698e+000
2.340000e-001	2.986102e-001	8.922174e-002	1.251410e-001	7.129697e-001	1.154875e+000	1.110421e+000
2.350000e-001	2.951428e-001	8.716199e-002	1.230692e-001	7.082358e-001	1.155357e+000	1.110029e+000
2.360000e-001	2.916920e-001	8.513592e-002	1.210250e-001	7.034575e-001	1.155697e+000	1.109526e+000
2.370000e-001	2.882577e-001	8.314326e-002	1.190081e-001	6.986352e-001	1.155899e+000	1.108917e+000
2.380000e-001	2.848403e-001	8.118376e-002	1.170184e-001	6.937691e-001	1.155965e+000	1.108204e+000
2.390000e-001	2.814397e-001	7.925716e-002	1.150556e-001	6.888595e-001	1.155897e+000	1.107391e+000
2.400000e-001	2.780563e-001	7.736318e-002	1.131195e-001	6.839069e-001	1.155698e+000	1.106483e+000
2.410000e-001	2.746900e-001	7.550156e-002	1.112097e-001	6.789116e-001	1.155371e+000	1.105483e+000
2.420000e-001	2.713411e-001	7.367203e-002	1.093261e-001	6.738738e-001	1.154918e+000	1.104395e+000
2.430000e-001	2.680097e-001	7.187430e-002	1.074685e-001	6.687942e-001	1.154343e+000	1.103224e+000
2.440000e-001	2.646959e-001	7.010810e-002	1.056365e-001	6.636730e-001	1.153648e+000	1.101972e+000
2.450000e-001	2.613998e-001	6.837314e-002	1.038300e-001	6.585106e-001	1.152837e+000	1.100645e+000
2.460000e-001	2.581216e-001	6.666913e-002	1.020486e-001	6.533076e-001	1.151913e+000	1.099246e+000
2.470000e-001	2.548613e-001	6.499579e-002	1.002922e-001	6.480644e-001	1.150879e+000	1.097780e+000
2.480000e-001	2.516192e-001	6.335283e-002	9.856046e-002	6.427814e-001	1.149739e+000	1.096249e+000
2.490000e-001	2.483952e-001	6.173995e-002	9.685317e-002	6.374592e-001	1.148495e+000	1.094660e+000
2.500000e-001	2.451896e-001	6.015684e-002	9.517008e-002	6.320983e-001	1.147152e+000	1.093014e+000
2.510000e-001	2.420024e-001	5.860323e-002	9.351094e-002	6.266991e-001	1.145712e+000	1.091317e+000
2.520000e-001	2.388338e-001	5.707879e-002	9.187550e-002	6.212623e-001	1.144179e+000	1.089573e+000
2.530000e-001	2.356838e-001	5.558323e-002	9.026351e-002	6.157885e-001	1.142556e+000	1.087784e+000
2.540000e-001	2.325525e-001	5.411624e-002	8.867473e-002	6.102781e-001	1.140847e+000	1.085956e+000
2.550000e-001	2.294401e-001	5.267752e-002	8.710891e-002	6.047318e-001	1.139056e+000	1.084091e+000
2.560000e-001	2.263466e-001	5.126676e-002	8.556580e-002	5.991502e-001	1.137185e+000	1.082195e+000
2.570000e-001	2.232722e-001	4.988364e-002	8.404515e-002	5.935339e-001	1.135239e+000	1.080269e+000
2.580000e-001	2.202168e-001	4.852786e-002	8.254673e-002	5.878835e-001	1.133220e+000	1.078318e+000
2.590000e-001	2.171807e-001	4.719911e-002	8.107029e-002	5.821998e-001	1.131133e+000	1.076346e+000
2.600000e-001	2.141639e-001	4.589706e-002	7.961557e-002	5.764834e-001	1.128980e+000	1.074355e+000
2.610000e-001	2.111664e-001	4.462140e-002	7.818235e-002	5.707349e-001	1.126765e+000	1.072349e+000
2.620000e-001	2.081884e-001	4.337182e-002	7.677038e-002	5.649551e-001	1.124492e+000	1.070332e+000
2.630000e-001	2.052299e-001	4.214800e-002	7.537941e-002	5.591447e-001	1.122163e+000	1.068307e+000
2.640000e-001	2.022910e-001	4.094963e-002	7.400921e-002	5.533045e-001	1.119782e+000	1.066276e+000
2.650000e-001	1.993718e-001	3.977638e-002	7.265954e-002	5.474351e-001	1.117353e+000	1.064243e+000
2.660000e-001	1.964723e-001	3.862794e-002	7.133016e-002	5.415373e-001	1.114877e+000	1.062210e+000
2.670000e-001	1.935926e-001	3.750399e-002	7.002083e-002	5.356120e-001	1.112360e+000	1.060181e+000
2.680000e-001	1.907328e-001	3.640422e-002	6.873132e-002	5.296598e-001	1.109803e+000	1.058158e+000
2.690000e-001	1.878929e-001	3.532829e-002	6.746139e-002	5.236816e-001	1.107209e+000	1.056144e+000
2.700000e-001	1.850729e-001	3.427590e-002	6.621081e-002	5.176782e-001	1.104583e+000	1.054140e+000
2.710000e-001	1.822730e-001	3.324672e-002	6.497936e-002	5.116505e-001	1.101926e+000	1.052150e+000
2.720000e-001	1.794932e-001	3.224044e-002	6.376679e-002	5.055992e-001	1.099241e+000	1.050176e+000
2.730000e-001	1.767334e-001	3.125674e-002	6.257289e-002	4.995253e-001	1.096532e+000	1.048220e+000
2.740000e-001	1.739939e-001	3.029530e-002	6.139742e-002	4.934295e-001	1.093801e+000	1.046284e+000
2.750000e-001	1.712746e-001	2.935580e-002	6.024016e-002	4.873128e-001	1.091051e+000	1.044370e+000
2.760000e-001	1.685755e-001	2.843793e-002	5.910089e-002	4.811761e-001	1.088284e+000	1.042480e+000
2.770000e-001	1.658967e-001	2.754138e-002	5.797938e-002	4.750202e-001	1.085503e+000	1.040616e+000
2.780000e-001	1.632382e-001	2.666582e-002	5.687542e-002	4.688461e-001	1.082711e+000	1.038779e+000
2.790000e-001	1.606001e-001	2.581094e-002	5.578879e-002	4.626546e-001	1.079909e+000	1.036970e+000
2.800000e-001	1.579823e-001	2.497643e-002	5.471926e-002	4.564468e-001	1.077101e+000	1.035193e+000
2.810000e-001	1.553850e-001	2.416199e-002	5.366664e-002	4.502236e-001	1.074289e+000	1.033447e+000
2.820000e-001	1.528081e-001	2.336728e-002	5.263070e-002	4.439858e-001	1.071474e+000	1.031734e+000
2.830000e-001	1.502517e-001	2.259202e-002	5.161123e-002	4.377346e-001	1.068660e+000	1.030055e+000
2.840000e-001	1.477157e-001	2.183589e-002	5.060803e-002	4.314708e-001	1.065847e+000	1.028411e+000
2.850000e-001	1.452002e-001	2.109857e-002	4.962088e-002	4.251955e-001	1.063039e+000	1.026804e+000
2.860000e-001	1.427053e-001	2.037978e-002	4.864959e-002	4.189096e-001	1.060236e+000	1.025234e+000
2.870000e-001	1.402308e-001	1.967920e-002	4.769394e-002	4.126142e-001	1.057442e+000	1.023701e+000
2.880000e-001	1.377769e-001	1.899653e-002	4.675375e-002	4.063102e-001	1.054658e+000	1.022208e+000
2.890000e-001	1.353435e-001	1.833147e-002	4.582881e-002	3.999988e-001	1.051885e+000	1.020754e+000
2.900000e-001	1.329306e-001	1.768372e-002	4.491891e-002	3.936809e-001	1.049126e+000	1.019340e+000
2.910000e-001	1.305383e-001	1.705299e-002	4.402388e-002	3.873576e-001	1.046381e+000	1.017966e+000
2.920000e-001	1.281665e-001	1.643897e-002	4.314351e-002	3.810300e-001	1.043654e+000	1.016633e+000
2.930000e-001	1.258152e-001	1.584138e-002	4.227761e-002	3.746991e-001	1.040944e+000	1.015342e+000
2.940000e-001	1.234845e-001	1.525993e-002	4.142600e-002	3.683660e-001	1.038254e+000	1.014091e+000
2.950000e-001	1.211743e-001	1.469433e-002	4.058849e-002	3.620319e-001	1.035585e+000	1.012883e+000
2.960000e-001	1.188846e-001	1.414428e-002	3.976489e-002	3.556977e-001	1.032938e+000	1.011716e+000
2.970000e-001	1.166154e-001	1.360951e-002	3.895502e-002	3.493646e-001	1.030315e+000	1.010591e+000
2.980000e-001	1.143667e-001	1.308972e-002	3.815870e-002	3.430339e-001	1.027717e+000	1.009508e+000
2.990000e-001	1.121384e-001	1.258465e-002	3.737575e-002	3.367065e-001	1.025145e+000	1.008466e+000
3.000000e-001	1.099306e-001	1.209402e-002	3.660599e-002	3.303836e-001	1.022600e+000	1.007467e+000
3.010000e-001	1.077432e-001	1.161754e-002	3.584925e-002	3.240665e-001	1.020083e+000	1.006508e+000
3.020000e-001	1.055762e-001	1.115495e-002	3.510537e-002	3.177562e-001	1.017596e+000	1.005591e+000
3.030000e-001	1.034295e-001	1.070597e-002	3.437415e-002	3.114540e-001	1.015139e+000	1.004715e+000
3.040000e-001	1.013033e-001	1.027033e-002	3.365545e-002	3.051611e-001	1.012713e+000	1.003880e+000
3.050000e-001	9.919729e-002	9.847781e-003	3.294908e-002	2.988787e-001	1.010320e+000	1.003084e+000
3.060000e-001	9.711160e-002	9.438045e-003	3.225490e-002	2.926081e-001	1.007959e+000	1.002329e+000
3.070000e-001	9.504616e-002	9.040865e-003	3.157273e-002	2.863505e-001	1.005632e+000	1.001613e+000
3.080000e-001	9.300093e-002	8.655983e-003	3.090241e-002	2.801071e-001	1.003340e+000	1.000936e+000
3.090000e-001	9.097587e-002	8.283145e-003	3.024378e-002	2.738793e-001	1.001083e+000	1.000297e+000
3.100000e-001	8.897094e-002	7.922099e-003	2.959670e-002	2.676683e-001	9.988623e-001	9.996955e-001
3.110000e-001	8.698610e-002	7.572593e-003	2.896100e-002	2.614756e-001	9.966778e-001	9.991313e-001
3.120000e-001	8.502131e-002	7.234382e-003	2.833653e-002	2.553023e-001	9.945306e-001	9.986036e-001
3.130000e-001	8.307650e-002	6.907221e-003	2.772314e-002	2.491500e-001	9.924210e-001	9.981117e-001
3.140000e-001	8.115165e-002	6.590869e-003	2.712068e-002	2.430201e-001	9.903497e-001	9.976548e-001
3.150000e-001	7.924670e-002	6.285087e-003	2.652900e-002	2.369138e-001	9.883172e-001	9.972322e-001
3.160000e-001	7.736159e-002	5.989640e-003	2.594796e-002	2.308328e-001	9.863238e-001	9.968431e-001
3.170000e-001	7.549627e-002	5.704295e-003	2.537742e-002	2.247784e-001	9.843701e-001	9.964867e-001
3.180000e-001	7.365069e-002	5.428822e-003	2.481723e-002	2.187521e-001	9.824564e-001	9.961623e-001
3.190000e-001	7.182478e-002	5.162994e-003	2.426725e-002	2.127556e-001	9.805831e-001	9.958689e-001
3.200000e-001	7.001849e-002	4.906587e-003	2.372735e-002	2.067903e-001	9.787505e-001	9.956058e-001
3.210000e-001	6.823176e-002	4.659380e-003	2.319739e-002	2.008579e-001	9.769589e-001	9.953720e-001
3.220000e-001	6.646452e-002	4.421155e-003	2.267723e-002	1.949601e-001	9.752085e-001	9.951667e-001
3.230000e-001	6.471671e-002	4.191697e-003	2.216674e-002	1.890984e-001	9.734997e-001	9.949888e-001
3.240000e-001	6.298826e-002	3.970792e-003	2.166580e-002	1.832747e-001	9.718327e-001	9.948376e-001
3.250000e-001	6.127910e-002	3.758233e-003	2.117426e-002	1.774907e-001	9.702075e-001	9.947121e-001
3.260000e-001	5.958917e-002	3.553813e-003	2.069200e-002	1.717481e-001	9.686245e-001	9.946113e-001
3.270000e-001	5.791839e-002	3.357329e-003	2.021890e-002	1.660490e-001	9.670838e-001	9.945343e-001
3.280000e-001	5.626669e-002	3.168579e-003	1.975484e-002	1.603951e-001	9.655854e-001	9.944801e-001
3.290000e-001	5.463399e-002	2.987367e-003	1.929968e-002	1.547885e-001	9.641296e-001	9.944477e-001
3.300000e-001	5.302022e-002	2.813499e-003	1.885330e-002	1.492311e-001	9.627163e-001	9.944361e-001
3.310000e-001	5.142530e-002	2.646783e-003	1.841559e-002	1.437251e-001	9.613456e-001	9.944444e-001
3.320000e-001	4.984916e-002	2.487031e-003	1.798643e-002	1.382727e-001	9.600176e-001	9.944715e-001
3.330000e-001	4.829171e-002	2.334057e-003	1.756570e-002	1.328759e-001	9.587323e-001	9.945165e-001
3.340000e-001	4.675286e-002	2.187680e-003	1.715328e-002	1.275371e-001	9.574897e-001	9.945784e-001
3.350000e-001	4.523254e-002	2.047718e-003	1.674906e-002	1.222587e-001	9.562898e-001	9.946561e-001
3.360000e-001	4.373067e-002	1.913997e-003	1.635293e-002	1.170430e-001	9.551325e-001	9.947486e-001
3.370000e-001	4.224714e-002	1.786342e-003	1.596477e-002	1.118927e-001	9.540179e-001	9.948549e-001
3.380000e-001	4.078189e-002	1.664582e-003	1.558448e-002	1.068103e-001	9.529457e-001	9.949741e-001
3.390000e-001	3.933482e-002	1.548551e-003	1.521195e-002	1.017984e-001	9.519160e-001	9.951051e-001
3.400000e-001	3.790583e-002	1.438084e-003	1.484706e-002	9.685983e-002	9.509287e-001	9.952470e-001
3.410000e-001	3.649484e-002	1.333017e-003	1.448971e-002	9.199750e-002	9.499836e-001	9.953986e-001
3.420000e-001	3.510176e-002	1.233194e-003	1.413980e-002	8.721434e-002	9.490806e-001	9.955591e-001
3.430000e-001	3.372649e-002	1.138457e-003	1.379723e-002	8.251342e-002	9.482195e-001	9.957274e-001
3.440000e-001	3.236894e-002	1.048653e-003	1.346188e-002	7.789792e-002	9.474003e-001	9.959026e-001
3.450000e-001	3.102901e-002	9.636318e-004	1.313367e-002	7.337112e-002	9.466227e-001	9.960836e-001
3.460000e-001	2.970660e-002	8.832463e-004	1.281248e-002	6.893642e-002	9.458866e-001	9.962696e-001
3.470000e-001	2.840162e-002	8.073515e-004	1.249822e-002	6.459734e-002	9.451918e-001	9.964595e-001
3.480000e-001	2.711397e-002	7.358055e-004	1.219079e-002	6.035751e-002	9.445380e-001	9.966525e-001
3.490000e-001	2.584355e-002	6.684691e-004	1.189009e-002	5.622069e-002	9.439250e-001	9.968474e-001
3.500000e-001	2.459025e-002	6.052060e-004	1.159603e-002	5.219078e-002	9.433527e-001	9.970435e-001
3.510000e-001	2.335397e-002	5.458826e-004	1.130852e-002	4.827181e-002	9.428208e-001	9.972399e-001
3.520000e-001	2.213462e-002	4.903678e-004	1.102745e-002	4.446792e-002	9.423289e-001	9.974355e-001
3.530000e-001	2.093208e-002	4.385336e-004	1.075274e-002	4.078342e-002	9.418769e-001	9.976295e-001
3.540000e-001	1.974625e-002	3.902542e-004	1.048429e-002	3.722275e-002	9.414645e-001	9.978211e-001
3.550000e-001	1.857703e-002	3.454068e-004	1.022202e-002	3.379047e-002	9.410914e-001	9.980095e-001
3.560000e-001	1.742431e-002	3.038711e-004	9.965830e-003	3.049130e-002	9.407573e-001	9.981936e-001
3.570000e-001	1.628798e-002	2.655294e-004	9.715633e-003	2.733012e-002	9.404619e-001	9.983728e-001
3.580000e-001	1.516794e-002	2.302666e-004	9.471343e-003	2.431192e-002	9.402049e-001	9.985463e-001
3.590000e-001	1.406407e-002	1.979700e-004	9.232871e-003	2.144187e-002	9.399860e-001	9.987132e-001
3.600000e-001	1.297626e-002	1.685296e-004	9.000130e-003	1.872524e-002	9.398047e-001	9.988728e-001
3.610000e-001	1.190441e-002	1.418379e-004	8.773037e-003	1.616749e-002	9.396609e-001	9.990245e-001
3.620000e-001	1.084840e-002	1.177898e-004	8.551505e-003	1.377416e-002	9.395540e-001	9.991674e-001
3.630000e-001	9.808126e-003	9.628252e-005	8.335451e-003	1.155097e-002	9.394839e-001	9.993010e-001
3.640000e-001	8.783469e-003	7.721590e-005	8.124791e-003	9.503739e-003	9.394500e-001	9.994245e-001
3.650000e-001	7.774318e-003	6.049204e-005	7.919444e-003	7.638420e-003	9.394520e-001	9.995375e-001
3.660000e-001	6.780558e-003	4.601544e-005	7.719328e-003	5.961068e-003	9.394896e-001	9.996393e-001
3.670000e-001	5.802077e-003	3.369291e-005	7.524361e-003	4.477843e-003	9.395623e-001	9.997294e-001
3.680000e-001	4.838759e-003	2.343356e-005	7.334465e-003	3.194992e-003	9.396698e-001	9.998072e-001
3.690000e-001	3.890490e-003	1.514876e-005	7.149559e-003	2.118839e-003	9.398115e-001	9.998725e-001
3.700000e-001	2.957152e-003	8.752142e-006	6.969565e-003	1.255766e-003	9.399871e-001	9.999246e-001
3.710000e-001	2.038630e-003	4.159509e-006	6.794405e-003	6.121963e-004	9.401962e-001	9.999634e-001
3.720000e-001	1.134807e-003	1.288865e-006	6.624002e-003	1.945750e-004	9.404383e-001	9.999884e-001
3.730000e-001	2.455662e-004	6.035297e-008	6.458279e-003	9.345056e-006	9.407130e-001	9.999994e-001
3.740000e-001	-6.292100e-004	3.962328e-007	6.297160e-003	6.292246e-005	9.410198e-001	9.999963e-001
3.750000e-001	-1.489640e-003	2.220850e-006	6.140571e-003	3.616683e-004	9.413583e-001	9.999788e-001
3.760000e-001	-2.335841e-003	5.460604e-006	5.988437e-003	9.118580e-004	9.417280e-001	9.999469e-001
3.770000e-001	-3.167932e-003	1.004392e-005	5.840683e-003	1.719648e-003	9.421283e-001	9.999005e-001
3.780000e-001	-3.986032e-003	1.590121e-005	5.697237e-003	2.791039e-003	9.425589e-001	9.998397e-001
3.790000e-001	-4.790260e-003	2.296486e-005	5.558026e-003	4.131837e-003	9.430192e-001	9.997646e-001
3.800000e-001	-5.580736e-003	3.116916e-005	5.422977e-003	5.747611e-003	9.435087e-001	9.996753e-001
3.810000e-001	-6.357578e-003	4.045034e-005	5.292020e-003	7.643648e-003	9.440269e-001	9.995722e-001
3.820000e-001	-7.120908e-003	5.074646e-005	5.165083e-003	9.824906e-003	9.445734e-001	9.994554e-001
3.830000e-001	-7.870844e-003	6.199743e-005	5.042097e-003	1.229596e-002	9.451474e-001	9.993255e-001
3.840000e-001	-8.607508e-003	7.414498e-005	4.922991e-003	1.506096e-002	9.457487e-001	9.991829e-001
3.850000e-001	-9.331018e-003	8.713259e-005	4.807696e-003	1.812356e-002	9.463765e-001	9.990282e-001
3.860000e-001	-1.004150e-002	1.009055e-004	4.696144e-003	2.148688e-002	9.470304e-001	9.988618e-001
3.870000e-001	-1.073906e-002	1.154107e-004	4.588268e-003	2.515343e-002	9.477098e-001	9.986847e-001
3.880000e-001	-1.142384e-002	1.305967e-004	4.483998e-003	2.912506e-002	9.484141e-001	9.984976e-001
3.890000e-001	-1.209594e-002	1.464139e-004	4.383270e-003	3.340290e-002	9.491428e-001	9.983012e-001
3.900000e-001	-1.275550e-002	1.628142e-004	4.286015e-003	3.798731e-002	9.498953e-001	9.980967e-001
3.910000e-001	-1.340262e-002	1.797510e-004	4.192170e-003	4.287780e-002	9.506709e-001	9.978849e-001
3.920000e-001	-1.403744e-002	1.971795e-004	4.101668e-003	4.807300e-002	9.514692e-001	9.976670e-001
3.930000e-001	-1.466007e-002	2.150561e-004	4.014444e-003	5.357057e-002	9.522896e-001	9.974441e-001
3.940000e-001	-1.527063e-002	2.333390e-004	3.930435e-003	5.936721e-002	9.531313e-001	9.972175e-001
3.950000e-001	-1.586924e-002	2.519877e-004	3.849578e-003	6.545853e-002	9.539938e-001	9.969885e-001
3.960000e-001	-1.645603e-002	2.709632e-004	3.771808e-003	7.183908e-002	9.548766e-001	9.967584e-001
3.970000e-001	-1.703111e-002	2.902279e-004	3.697064e-003	7.850228e-002	9.557789e-001	9.965285e-001
3.980000e-001	-1.759461e-002	3.097457e-004	3.625283e-003	8.544040e-002	9.567001e-001	9.963004e-001
3.990000e-001	-1.814664e-002	3.294815e-004	3.556405e-003	9.264455e-002	9.576397e-001	9.960755e-001
4.000000e-001	-1.868732e-002	3.494019e-004	3.490367e-003	1.001046e-001	9.585969e-001	9.958554e-001
4.010000e-001	-1.921678e-002	3.694746e-004	3.427110e-003	1.078094e-001	9.595712e-001	9.956414e-001
4.020000e-001	-1.973513e-002	3.896687e-004	3.366575e-003	1.157463e-001	9.605618e-001	9.954352e-001
4.030000e-001	-2.024249e-002	4.099543e-004	3.308700e-003	1.239019e-001	9.615681e-001	9.952382e-001
4.040000e-001	-2.073898e-002	4.303030e-004	3.253429e-003	1.322614e-001	9.625895e-001	9.950520e-001
4.050000e-001	-2.122473e-002	4.506874e-004	3.200702e-003	1.408089e-001	9.636253e-001	9.948781e-001
4.060000e-001	-2.169984e-002	4.710812e-004	3.150462e-003	1.495277e-001	9.646748e-001	9.947179e-001
4.070000e-001	-2.216443e-002	4.914595e-004	3.102651e-003	1.583999e-001	9.657373e-001	9.945728e-001
4.080000e-001	-2.261863e-002	5.117982e-004	3.057213e-003	1.674068e-001	9.668121e-001	9.944441e-001
4.090000e-001	-2.306256e-002	5.320744e-004	3.014092e-003	1.765289e-001	9.678987e-001	9.943332e-001
4.100000e-001	-2.349632e-002	5.522663e-004	2.973232e-003	1.857461e-001	9.689962e-001	9.942412e-001
4.110000e-001	-2.392003e-002	5.723529e-004	2.934578e-003	1.950376e-001	9.701040e-001	9.941692e-001
4.120000e-001	-2.433382e-002	5.923146e-004	2.898075e-003	2.043821e-001	9.712214e-001	9.941182e-001
4.130000e-001	-2.473780e-002	6.121323e-004	2.863670e-003	2.137580e-001	9.723477e-001	9.940891e-001
4.140000e-001	-2.513208e-002	6.317882e-004	2.831309e-003	2.231435e-001	9.734821e-001	9.940827e-001
4.150000e-001	-2.551678e-002	6.512652e-004	2.800939e-003	2.325167e-001	9.746241e-001	9.940997e-001
4.160000e-001	-2.589201e-002	6.705472e-004	2.772508e-003	2.418558e-001	9.757728e-001	9.941405e-001
4.170000e-001	-2.625789e-002	6.896189e-004	2.745964e-003	2.511391e-001	9.769276e-001	9.942056e-001
4.180000e-001	-2.661453e-002	7.084659e-004	2.721255e-003	2.603452e-001	9.780878e-001	9.942953e-001
4.190000e-001	-2.696204e-002	7.270746e-004	2.698332e-003	2.694533e-001	9.792526e-001	9.944095e-001
4.200000e-001	-2.730054e-002	7.454321e-004	2.677143e-003	2.784431e-001	9.804213e-001	9.945484e-001
4.210000e-001	-2.763014e-002	7.635266e-004	2.657640e-003	2.872949e-001	9.815932e-001	9.947118e-001
4.220000e-001	-2.795095e-002	7.813465e-004	2.639773e-003	2.959900e-001	9.827677e-001	9.948994e-001
4.230000e-001	-2.826309e-002	7.988815e-004	2.623494e-003	3.045105e-001	9.839439e-001	9.951108e-001
4.240000e-001	-2.856666e-002	8.161215e-004	2.608755e-003	3.128395e-001	9.851213e-001	9.953453e-001
4.250000e-001	-2.886177e-002	8.330575e-004	2.595508e-003	3.209613e-001	9.862990e-001	9.956025e-001
4.260000e-001	-2.914853e-002	8.496808e-004	2.583707e-003	3.288612e-001	9.874763e-001	9.958814e-001
4.270000e-001	-2.942705e-002	8.659837e-004	2.573305e-003	3.365258e-001	9.886526e-001	9.961813e-001
4.280000e-001	-2.969745e-002	8.819588e-004	2.564258e-003	3.439431e-001	9.898272e-001	9.965011e-001
4.290000e-001	-2.995982e-002	8.975995e-004	2.556520e-003	3.511021e-001	9.909992e-001	9.968398e-001
4.300000e-001	-3.021427e-002	9.128996e-004	2.550046e-003	3.579934e-001	9.921681e-001	9.971962e-001
4.310000e-001	-3.046092e-002	9.278536e-004	2.544793e-003	3.646086e-001	9.933332e-001	9.975692e-001
4.320000e-001	-3.069986e-002	9.424565e-004	2.540718e-003	3.709411e-001	9.944937e-001	9.979575e-001
4.330000e-001	-3.093121e-002	9.567038e-004	2.537777e-003	3.769850e-001	9.956489e-001	9.983597e-001
4.340000e-001	-3.115506e-002	9.705914e-004	2.535929e-003	3.827361e-001	9.967982e-001	9.987746e-001
4.350000e-001	-3.137152e-002	9.841160e-004	2.535132e-003	3.881912e-001	9.979409e-001	9.992007e-001
4.360000e-001	-3.158069e-002	9.972744e-004	2.535345e-003	3.933485e-001	9.990763e-001	9.996367e-001
4.370000e-001	-3.178268e-002	1.010064e-003	2.536529e-003	3.982072e-001	1.000204e+000	1.000081e+000
4.380000e-001	-3.197758e-002	1.022483e-003	2.538643e-003	4.027675e-001	1.001323e+000	1.000533e+000
4.390000e-001	-3.216550e-002	1.034529e-003	2.541648e-003	4.070307e-001	1.002432e+000	1.000990e+000
4.400000e-001	-3.234654e-002	1.046200e-003	2.545505e-003	4.109991e-001	1.003532e+000	1.001452e+000
4.410000e-001	-3.252080e-002	1.057497e-003	2.550178e-003	4.146758e-001	1.004621e+000	1.001916e+000
4.420000e-001	-3.268837e-002	1.068418e-003	2.555628e-003	4.180649e-001	1.005699e+000	1.002382e+000
4.430000e-001	-3.284935e-002	1.078963e-003	2.561819e-003	4.211708e-001	1.006765e+000	1.002849e+000
4.440000e-001	-3.300385e-002	1.089133e-003	2.568715e-003	4.239990e-001	1.007819e+000	1.003315e+000
4.450000e-001	-3.315195e-002	1.098926e-003	2.576280e-003	4.265554e-001	1.008859e+000	1.003779e+000
4.460000e-001	-3.329376e-002	1.108345e-003	2.584480e-003	4.288464e-001	1.009886e+000	1.004240e+000
4.470000e-001	-3.342936e-002	1.117390e-003	2.593280e-003	4.308790e-001	1.010899e+000	1.004696e+000
4.480000e-001	-3.355885e-002	1.126063e-003	2.602647e-003	4.326605e-001	1.011897e+000	1.005147e+000
4.490000e-001	-3.368233e-002	1.134364e-003	2.612548e-003	4.341983e-001	1.012880e+000	1.005592e+000
4.500000e-001	-3.379989e-002	1.142296e-003	2.622950e-003	4.355005e-001	1.013847e+000	1.006030e+000
4.510000e-001	-3.391162e-002	1.149861e-003	2.633821e-003	4.365752e-001	1.014797e+000	1.006460e+000
4.520000e-001	-3.401760e-002	1.157061e-003	2.645130e-003	4.374304e-001	1.015731e+000	1.006881e+000
4.530000e-001	-3.411794e-002	1.163898e-003	2.656848e-003	4.380747e-001	1.016647e+000	1.007293e+000
4.540000e-001	-3.421271e-002	1.170375e-003	2.668943e-003	4.385164e-001	1.017545e+000	1.007694e+000
4.550000e-001	-3.430201e-002	1.176496e-003	2.681387e-003	4.387640e-001	1.018425e+000	1.008084e+000
4.560000e-001	-3.438593e-002	1.182263e-003	2.694150e-003	4.388258e-001	1.019286e+000	1.008463e+000
4.570000e-001	-3.446454e-002	1.187679e-003	2.707205e-003	4.387103e-001	1.020128e+000	1.008830e+000
4.580000e-001	-3.453795e-002	1.192747e-003	2.720524e-003	4.384256e-001	1.020949e+000	1.009185e+000
4.590000e-001	-3.460622e-002	1.197473e-003	2.734080e-003	4.379800e-001	1.021751e+000	1.009526e+000
4.600000e-001	-3.466946e-002	1.201858e-003	2.747848e-003	4.373815e-001	1.022532e+000	1.009855e+000
4.610000e-001	-3.472773e-002	1.205907e-003	2.761800e-003	4.366380e-001	1.023292e+000	1.010170e+000
4.620000e-001	-3.478112e-002	1.209624e-003	2.775912e-003	4.357572e-001	1.024031e+000	1.010472e+000
4.630000e-001	-3.482972e-002	1.213013e-003	2.790160e-003	4.347466e-001	1.024748e+000	1.010759e+000
4.640000e-001	-3.487360e-002	1.216078e-003	2.804520e-003	4.336136e-001	1.025443e+000	1.011032e+000
4.650000e-001	-3.491285e-002	1.218824e-003	2.818968e-003	4.323652e-001	1.026116e+000	1.011291e+000
4.660000e-001	-3.494754e-002	1.221254e-003	2.833482e-003	4.310084e-001	1.026766e+000	1.011536e+000
4.670000e-001	-3.497775e-002	1.223374e-003	2.848039e-003	4.295497e-001	1.027393e+000	1.011767e+000
4.680000e-001	-3.500356e-002	1.225188e-003	2.862618e-003	4.279957e-001	1.027997e+000	1.011982e+000
4.690000e-001	-3.502504e-002	1.226701e-003	2.877197e-003	4.263526e-001	1.028577e+000	1.012184e+000
4.700000e-001	-3.504227e-002	1.227917e-003	2.891758e-003	4.246263e-001	1.029134e+000	1.012371e+000
4.710000e-001	-3.505533e-002	1.228841e-003	2.906279e-003	4.228226e-001	1.029667e+000	1.012544e+000
4.720000e-001	-3.506429e-002	1.229477e-003	2.920741e-003	4.209470e-001	1.030175e+000	1.012702e+000
4.730000e-001	-3.506922e-002	1.229832e-003	2.935126e-003	4.190048e-001	1.030660e+000	1.012847e+000
4.740000e-001	-3.507019e-002	1.229909e-003	2.949416e-003	4.170010e-001	1.031120e+000	1.012977e+000
4.750000e-001	-3.506728e-002	1.229714e-003	2.963593e-003	4.149404e-001	1.031556e+000	1.013094e+000
4.760000e-001	-3.506055e-002	1.229252e-003	2.977640e-003	4.128277e-001	1.031966e+000	1.013197e+000
4.770000e-001	-3.505007e-002	1.228527e-003	2.991540e-003	4.106672e-001	1.032353e+000	1.013286e+000
4.780000e-001	-3.503592e-002	1.227545e-003	3.005277e-003	4.084631e-001	1.032714e+000	1.013362e+000
4.790000e-001	-3.501816e-002	1.226311e-003	3.018837e-003	4.062195e-001	1.033050e+000	1.013426e+000
4.800000e-001	-3.499686e-002	1.224829e-003	3.032204e-003	4.039400e-001	1.033361e+000	1.013476e+000
4.810000e-001	-3.497207e-002	1.223105e-003	3.045365e-003	4.016284e-001	1.033648e+000	1.013514e+000
4.820000e-001	-3.494388e-002	1.221143e-003	3.058304e-003	3.992878e-001	1.033909e+000	1.013540e+000
4.830000e-001	-3.491234e-002	1.218950e-003	3.071009e-003	3.969217e-001	1.034146e+000	1.013553e+000
4.840000e-001	-3.487751e-002	1.216529e-003	3.083467e-003	3.945330e-001	1.034357e+000	1.013555e+000
4.850000e-001	-3.483946e-002	1.213887e-003	3.095665e-003	3.921247e-001	1.034544e+000	1.013546e+000
4.860000e-001	-3.479825e-002	1.211027e-003	3.107593e-003	3.896994e-001	1.034706e+000	1.013525e+000
4.870000e-001	-3.475394e-002	1.207955e-003	3.119238e-003	3.872597e-001	1.034843e+000	1.013493e+000
4.880000e-001	-3.470659e-002	1.204676e-003	3.130590e-003	3.848080e-001	1.034955e+000	1.013451e+000
4.890000e-001	-3.465626e-002	1.201195e-003	3.141639e-003	3.823466e-001	1.035043e+000	1.013399e+000
4.900000e-001	-3.460301e-002	1.197516e-003	3.152374e-003	3.798776e-001	1.035107e+000	1.013336e+000
4.910000e-001	-3.454689e-002	1.193645e-003	3.162786e-003	3.774031e-001	1.035146e+000	1.013264e+000
4.920000e-001	-3.448796e-002	1.189587e-003	3.172866e-003	3.749249e-001	1.035161e+000	1.013183e+000
4.930000e-001	-3.442628e-002	1.185345e-003	3.182606e-003	3.724448e-001	1.035153e+000	1.013093e+000
4.940000e-001	-3.436190e-002	1.180926e-003	3.191998e-003	3.699645e-001	1.035121e+000	1.012993e+000
4.950000e-001	-3.429487e-002	1.176333e-003	3.201034e-003	3.674854e-001	1.035065e+000	1.012886e+000
4.960000e-001	-3.422525e-002	1.171572e-003	3.209707e-003	3.650091e-001	1.034986e+000	1.012770e+000
4.970000e-001	-3.415309e-002	1.166647e-003	3.218010e-003	3.625368e-001	1.034885e+000	1.012647e+000
4.980000e-001	-3.407845e-002	1.161563e-003	3.225937e-003	3.600699e-001	1.034760e+000	1.012516e+000
4.990000e-001	-3.400136e-002	1.156324e-003	3.233482e-003	3.576094e-001	1.034613e+000	1.012378e+000
5.000000e-001	-3.392189e-002	1.150934e-003	3.240639e-003	3.551565e-001	1.034445e+000	1.012233e+000
5.010000e-001	-3.384008e-002	1.145399e-003	3.247404e-003	3.527122e-001	1.034254e+000	1.012082e+000
5.020000e-001	-3.375598e-002	1.139722e-003	3.253771e-003	3.502774e-001	1.034042e+000	1.011924e+000
5.030000e-001	-3.366963e-002	1.133909e-003	3.259736e-003	3.478529e-001	1.033808e+000	1.011760e+000
5.040000e-001	-3.358109e-002	1.127962e-003	3.265295e-003	3.454396e-001	1.033554e+000	1.011591e+000
5.050000e-001	-3.349040e-002	1.121887e-003	3.270445e-003	3.430380e-001	1.033280e+000	1.011416e+000
5.060000e-001	-3.339761e-002	1.115688e-003	3.275183e-003	3.406490e-001	1.032985e+000	1.011236e+000
5.070000e-001	-3.330275e-002	1.109368e-003	3.279505e-003	3.382731e-001	1.032671e+000	1.011052e+000
5.080000e-001	-3.320588e-002	1.102932e-003	3.283408e-003	3.359109e-001	1.032338e+000	1.010863e+000
5.090000e-001	-3.310703e-002	1.096384e-003	3.286891e-003	3.335627e-001	1.031986e+000	1.010669e+000
5.100000e-001	-3.300625e-002	1.089728e-003	3.289952e-003	3.312292e-001	1.031615e+000	1.010472e+000
5.110000e-001	-3.290357e-002	1.082968e-003	3.292589e-003	3.289106e-001	1.031226e+000	1.010271e+000
5.120000e-001	-3.279905e-002	1.076107e-003	3.294801e-003	3.266074e-001	1.030819e+000	1.010066e+000
5.130000e-001	-3.269271e-002	1.069149e-003	3.296587e-003	3.243198e-001	1.030396e+000	1.009858e+000
5.140000e-001	-3.258460e-002	1.062098e-003	3.297946e-003	3.220482e-001	1.029956e+000	1.009647e+000
5.150000e-001	-3.247476e-002	1.054957e-003	3.298878e-003	3.197927e-001	1.029499e+000	1.009434e+000
5.160000e-001	-3.236322e-002	1.047731e-003	3.299383e-003	3.175536e-001	1.029027e+000	1.009217e+000
5.170000e-001	-3.225003e-002	1.040422e-003	3.299461e-003	3.153311e-001	1.028539e+000	1.008999e+000
5.180000e-001	-3.213521e-002	1.033035e-003	3.299112e-003	3.131252e-001	1.028036e+000	1.008779e+000
5.190000e-001	-3.201880e-002	1.025572e-003	3.298337e-003	3.109361e-001	1.027519e+000	1.008557e+000
5.200000e-001	-3.190084e-002	1.018037e-003	3.297137e-003	3.087639e-001	1.026988e+000	1.008333e+000
5.210000e-001	-3.178136e-002	1.010433e-003	3.295514e-003	3.066086e-001	1.026444e+000	1.008108e+000
5.220000e-001	-3.166039e-002	1.002763e-003	3.293468e-003	3.044703e-001	1.025887e+000	1.007882e+000
5.230000e-001	-3.153798e-002	9.950307e-004	3.291001e-003	3.023489e-001	1.025317e+000	1.007655e+000
5.240000e-001	-3.141414e-002	9.872390e-004	3.288116e-003	3.002445e-001	1.024736e+000	1.007427e+000
5.250000e-001	-3.128891e-002	9.793908e-004	3.284814e-003	2.981571e-001	1.024143e+000	1.007198e+000
5.260000e-001	-3.116233e-002	9.714891e-004	3.281098e-003	2.960866e-001	1.023539e+000	1.006970e+000
5.270000e-001	-3.103442e-002	9.635369e-004	3.276971e-003	2.940328e-001	1.022925e+000	1.006741e+000
5.280000e-001	-3.090521e-002	9.555370e-004	3.272434e-003	2.919958e-001	1.022300e+000	1.006512e+000
5.290000e-001	-3.077473e-002	9.474922e-004	3.267491e-003	2.899755e-001	1.021667e+000	1.006283e+000
5.300000e-001	-3.064301e-002	9.394052e-004	3.262145e-003	2.879716e-001	1.021024e+000	1.006054e+000
5.310000e-001	-3.051008e-002	9.312787e-004	3.256399e-003	2.859842e-001	1.020374e+000	1.005827e+000
5.320000e-001	-3.037596e-002	9.231153e-004	3.250257e-003	2.840130e-001	1.019715e+000	1.005599e+000
5.330000e-001	-3.024068e-002	9.149175e-004	3.243723e-003	2.820579e-001	1.019049e+000	1.005373e+000
5.340000e-001	-3.010427e-002	9.066879e-004	3.236799e-003	2.801187e-001	1.018376e+000	1.005148e+000
5.350000e-001	-2.996675e-002	8.984290e-004	3.229490e-003	2.781953e-001	1.017697e+000	1.004923e+000
5.360000e-001	-2.982815e-002	8.901431e-004	3.221800e-003	2.762875e-001	1.017012e+000	1.004700e+000
5.370000e-001	-2.968849e-002	8.818325e-004	3.213734e-003	2.743950e-001	1.016322e+000	1.004479e+000
5.380000e-001	-2.954779e-002	8.734996e-004	3.205295e-003	2.725177e-001	1.015627e+000	1.004259e+000
5.390000e-001	-2.940609e-002	8.651466e-004	3.196487e-003	2.706554e-001	1.014927e+000	1.004040e+000
5.400000e-001	-2.926339e-002	8.567758e-004	3.187316e-003	2.688079e-001	1.014224e+000	1.003824e+000
5.410000e-001	-2.911972e-002	8.483891e-004	3.177787e-003	2.669748e-001	1.013518e+000	1.003609e+000
5.420000e-001	-2.897511e-002	8.399888e-004	3.167903e-003	2.651561e-001	1.012809e+000	1.003396e+000
5.430000e-001	-2.882958e-002	8.315768e-004	3.157670e-003	2.633514e-001	1.012097e+000	1.003186e+000
5.440000e-001	-2.868314e-002	8.231552e-004	3.147093e-003	2.615605e-001	1.011383e+000	1.002977e+000
5.450000e-001	-2.853582e-002	8.147258e-004	3.136176e-003	2.597832e-001	1.010669e+000	1.002771e+000
5.460000e-001	-2.838763e-002	8.062907e-004	3.124926e-003	2.580192e-001	1.009953e+000	1.002568e+000
5.470000e-001	-2.823860e-002	7.978517e-004	3.113346e-003	2.562682e-001	1.009237e+000	1.002367e+000
5.480000e-001	-2.808875e-002	7.894105e-004	3.101443e-003	2.545300e-001	1.008520e+000	1.002169e+000
5.490000e-001	-2.793808e-002	7.809689e-004	3.089222e-003	2.528044e-001	1.007805e+000	1.001973e+000
5.500000e-001	-2.778663e-002	7.725287e-004	3.076689e-003	2.510910e-001	1.007090e+000	1.001780e+000
5.510000e-001	-2.763440e-002	7.640916e-004	3.063848e-003	2.493895e-001	1.006377e+000	1.001590e+000
5.520000e-001	-2.748142e-002	7.556591e-004	3.050706e-003	2.476998e-001	1.005665e+000	1.001403e+000
5.530000e-001	-2.732769e-002	7.472329e-004	3.037267e-003	2.460215e-001	1.004956e+000	1.001219e+000
5.540000e-001	-2.717325e-002	7.388145e-004	3.023538e-003	2.443543e-001	1.004249e+000	1.001038e+000
5.550000e-001	-2.701810e-002	7.304055e-004	3.009525e-003	2.426979e-001	1.003546e+000	1.000861e+000
5.560000e-001	-2.686225e-002	7.220074e-004	2.995233e-003	2.410522e-001	1.002846e+000	1.000686e+000
5.570000e-001	-2.670573e-002	7.136215e-004	2.980667e-003	2.394167e-001	1.002150e+000	1.000515e+000
5.580000e-001	-2.654855e-002	7.052494e-004	2.965834e-003	2.377912e-001	1.001458e+000	1.000347e+000
5.590000e-001	-2.639072e-002	6.968924e-004	2.950740e-003	2.361754e-001	1.000771e+000	1.000182e+000
5.600000e-001	-2.623225e-002	6.885517e-004	2.935390e-003	2.345691e-001	1.000090e+000	1.000021e+000
5.610000e-001	-2.607317e-002	6.802289e-004	2.919791e-003	2.329718e-001	9.994133e-001	9.998633e-001
5.620000e-001	-2.591347e-002	6.719250e-004	2.903947e-003	2.313833e-001	9.987428e-001	9.997091e-001
5.630000e-001	-2.575318e-002	6.636414e-004	2.887866e-003	2.298034e-001	9.980786e-001	9.995585e-001
5.640000e-001	-2.559231e-002	6.553793e-004	2.871552e-003	2.282317e-001	9.974210e-001	9.994114e-001
5.650000e-001	-2.543087e-002	6.471399e-004	2.855013e-003	2.266679e-001	9.967703e-001	9.992679e-001
5.660000e-001	-2.526887e-002	6.389243e-004	2.838253e-003	2.251118e-001	9.961269e-001	9.991281e-001
5.670000e-001	-2.510633e-002	6.307336e-004	2.821280e-003	2.235630e-001	9.954911e-001	9.989920e-001
5.680000e-001	-2.494325e-002	6.225690e-004	2.804097e-003	2.220212e-001	9.948632e-001	9.988595e-001
5.690000e-001	-2.477964e-002	6.144315e-004	2.786713e-003	2.204861e-001	9.942435e-001	9.987308e-001
5.700000e-001	-2.461552e-002	6.063221e-004	2.769132e-003	2.189575e-001	9.936324e-001	9.986058e-001
5.710000e-001	-2.445090e-002	5.982419e-004	2.751361e-003	2.174349e-001	9.930302e-001	9.984845e-001
5.720000e-001	-2.428578e-002	5.901919e-004	2.733404e-003	2.159183e-001	9.924371e-001	9.983670e-001
5.730000e-001	-2.412018e-002	5.821731e-004	2.715270e-003	2.144071e-001	9.918534e-001	9.982533e-001
5.740000e-001	-2.395411e-002	5.741863e-004	2.696962e-003	2.129012e-001	9.912794e-001	9.981434e-001
5.750000e-001	-2.378757e-002	5.662326e-004	2.678487e-003	2.114001e-001	9.907153e-001	9.980372e-001
5.760000e-001	-2.362058e-002	5.583128e-004	2.659851e-003	2.099037e-001	9.901615e-001	9.979349e-001
5.770000e-001	-2.345315e-002	5.504277e-004	2.641060e-003	2.084117e-001	9.896181e-001	9.978363e-001
5.780000e-001	-2.328527e-002	5.425784e-004	2.622119e-003	2.069236e-001	9.890855e-001	9.977415e-001
5.790000e-001	-2.311697e-002	5.347655e-004	2.603034e-003	2.054393e-001	9.885637e-001	9.976505e-001
5.800000e-001	-2.294825e-002	5.269900e-004	2.583812e-003	2.039584e-001	9.880531e-001	9.975633e-001
5.810000e-001	-2.277912e-002	5.192525e-004	2.564456e-003	2.024806e-001	9.875539e-001	9.974799e-001
5.820000e-001	-2.260958e-002	5.115540e-004	2.544974e-003	2.010056e-001	9.870663e-001	9.974003e-001
5.830000e-001	-2.243965e-002	5.038952e-004	2.525371e-003	1.995331e-001	9.865904e-001	9.973243e-001
5.840000e-001	-2.226932e-002	4.962767e-004	2.505652e-003	1.980629e-001	9.861265e-001	9.972522e-001
5.850000e-001	-2.209862e-002	4.886994e-004	2.485823e-003	1.965946e-001	9.856747e-001	9.971837e-001
5.860000e-001	-2.192755e-002	4.811640e-004	2.465890e-003	1.951279e-001	9.852352e-001	9.971190e-001
5.870000e-001	-2.175611e-002	4.736712e-004	2.445858e-003	1.936626e-001	9.848082e-001	9.970579e-001
5.880000e-001	-2.158431e-002	4.662216e-004	2.425733e-003	1.921983e-001	9.843938e-001	9.970005e-001
5.890000e-001	-2.141215e-002	4.588159e-004	2.405519e-003	1.907347e-001	9.839922e-001	9.969468e-001
5.900000e-001	-2.123966e-002	4.514548e-004	2.385222e-003	1.892716e-001	9.836035e-001	9.968966e-001
5.910000e-001	-2.106682e-002	4.441389e-004	2.364848e-003	1.878086e-001	9.832278e-001	9.968500e-001
5.920000e-001	-2.089365e-002	4.368688e-004	2.344402e-003	1.863455e-001	9.828653e-001	9.968070e-001
5.930000e-001	-2.072016e-002	4.296452e-004	2.323889e-003	1.848820e-001	9.825161e-001	9.967675e-001
5.940000e-001	-2.054635e-002	4.224687e-004	2.303315e-003	1.834177e-001	9.821802e-001	9.967315e-001
5.950000e-001	-2.037222e-002	4.153398e-004	2.282684e-003	1.819524e-001	9.818578e-001	9.966990e-001
5.960000e-001	-2.019779e-002	4.082591e-004	2.262001e-003	1.804858e-001	9.815489e-001	9.966698e-001
5.970000e-001	-2.002306e-002	4.012273e-004	2.241272e-003	1.790177e-001	9.812537e-001	9.966441e-001
5.980000e-001	-1.984803e-002	3.942448e-004	2.220501e-003	1.775477e-001	9.809721e-001	9.966216e-001
5.990000e-001	-1.967272e-002	3.873122e-004	2.199695e-003	1.760755e-001	9.807044e-001	9.966025e-001
6.000000e-001	-1.949712e-002	3.804301e-004	2.178856e-003	1.746008e-001	9.804504e-001	9.965866e-001
6.010000e-001	-1.932125e-002	3.735989e-004	2.157991e-003	1.731235e-001	9.802104e-001	9.965739e-001
6.020000e-001	-1.914511e-002	3.668192e-004	2.137104e-003	1.716431e-001	9.799842e-001	9.965644e-001
6.030000e-001	-1.896870e-002	3.600916e-004	2.116200e-003	1.701595e-001	9.797720e-001	9.965580e-001
6.040000e-001	-1.879203e-002	3.534164e-004	2.095284e-003	1.686723e-001	9.795737e-001	9.965547e-001
6.050000e-001	-1.861511e-002	3.467941e-004	2.074360e-003	1.671813e-001	9.793895e-001	9.965543e-001
6.060000e-001	-1.843794e-002	3.402254e-004	2.053433e-003	1.656862e-001	9.792192e-001	9.965569e-001
6.070000e-001	-1.826053e-002	3.337105e-004	2.032507e-003	1.641867e-001	9.790629e-001	9.965624e-001
6.080000e-001	-1.808288e-002	3.272501e-004	2.011587e-003	1.626825e-001	9.789206e-001	9.965707e-001
6.090000e-001	-1.790500e-002	3.208445e-004	1.990678e-003	1.611735e-001	9.787922e-001	9.965819e-001
6.100000e-001	-1.772690e-002	3.144942e-004	1.969783e-003	1.596593e-001	9.786778e-001	9.965957e-001
6.110000e-001	-1.754858e-002	3.081996e-004	1.948908e-003	1.581396e-001	9.785774e-001	9.966122e-001
6.120000e-001	-1.737004e-002	3.019612e-004	1.928057e-003	1.566143e-001	9.784908e-001	9.966313e-001
6.130000e-001	-1.719129e-002	2.957794e-004	1.907233e-003	1.550831e-001	9.784180e-001	9.966530e-001
6.140000e-001	-1.701234e-002	2.896547e-004	1.886440e-003	1.535456e-001	9.783591e-001	9.966771e-001
6.150000e-001	-1.683320e-002	2.835873e-004	1.865685e-003	1.520017e-001	9.783139e-001	9.967037e-001
6.160000e-001	-1.665386e-002	2.775777e-004	1.844969e-003	1.504512e-001	9.782823e-001	9.967325e-001
6.170000e-001	-1.647434e-002	2.716264e-004	1.824297e-003	1.488937e-001	9.782644e-001	9.967637e-001
6.180000e-001	-1.629464e-002	2.657336e-004	1.803674e-003	1.473291e-001	9.782599e-001	9.967971e-001
6.190000e-001	-1.611476e-002	2.598999e-004	1.783103e-003	1.457571e-001	9.782689e-001	9.968325e-001
6.200000e-001	-1.593472e-002	2.541255e-004	1.762588e-003	1.441775e-001	9.782913e-001	9.968701e-001
6.210000e-001	-1.575451e-002	2.484108e-004	1.742132e-003	1.425901e-001	9.783269e-001	9.969096e-001
6.220000e-001	-1.557415e-002	2.427562e-004	1.721741e-003	1.409946e-001	9.783756e-001	9.969511e-001
6.230000e-001	-1.539364e-002	2.371621e-004	1.701417e-003	1.393910e-001	9.784374e-001	9.969944e-001
6.240000e-001	-1.521298e-002	2.316287e-004	1.681164e-003	1.377788e-001	9.785121e-001	9.970394e-001
6.250000e-001	-1.503218e-002	2.261565e-004	1.660985e-003	1.361581e-001	9.785995e-001	9.970862e-001
6.260000e-001	-1.485125e-002	2.207457e-004	1.640885e-003	1.345285e-001	9.786997e-001	9.971345e-001
6.270000e-001	-1.467020e-002	2.153967e-004	1.620866e-003	1.328899e-001	9.788124e-001	9.971844e-001
6.280000e-001	-1.448902e-002	2.101099e-004	1.600933e-003	1.312421e-001	9.789374e-001	9.972357e-001
6.290000e-001	-1.430773e-002	2.048854e-004	1.581088e-003	1.295850e-001	9.790747e-001	9.972884e-001
6.300000e-001	-1.412633e-002	1.997236e-004	1.561336e-003	1.279184e-001	9.792241e-001	9.973424e-001
6.310000e-001	-1.394484e-002	1.946249e-004	1.541678e-003	1.262422e-001	9.793854e-001	9.973976e-001
6.320000e-001	-1.376324e-002	1.895895e-004	1.522120e-003	1.245562e-001	9.795585e-001	9.974539e-001
6.330000e-001	-1.358156e-002	1.846176e-004	1.502662e-003	1.228604e-001	9.797432e-001	9.975112e-001
6.340000e-001	-1.339980e-002	1.797097e-004	1.483310e-003	1.211545e-001	9.799392e-001	9.975695e-001
6.350000e-001	-1.321797e-002	1.748658e-004	1.464066e-003	1.194385e-001	9.801466e-001	9.976287e-001
6.360000e-001	-1.303607e-002	1.700864e-004	1.444932e-003	1.177124e-001	9.803650e-001	9.976887e-001
6.370000e-001	-1.285410e-002	1.653716e-004	1.425913e-003	1.159759e-001	9.805942e-001	9.977494e-001
6.380000e-001	-1.267209e-002	1.607217e-004	1.407011e-003	1.142292e-001	9.808341e-001	9.978107e-001
6.390000e-001	-1.249002e-002	1.561369e-004	1.388228e-003	1.124721e-001	9.810845e-001	9.978725e-001
6.400000e-001	-1.230792e-002	1.516175e-004	1.369568e-003	1.107047e-001	9.813451e-001	9.979348e-001
6.410000e-001	-1.212578e-002	1.471637e-004	1.351033e-003	1.089268e-001	9.816158e-001	9.979975e-001
6.420000e-001	-1.194363e-002	1.427757e-004	1.332626e-003	1.071386e-001	9.818963e-001	9.980604e-001
6.430000e-001	-1.176145e-002	1.384536e-004	1.314350e-003	1.053400e-001	9.821864e-001	9.981235e-001
6.440000e-001	-1.157926e-002	1.341978e-004	1.296208e-003	1.035311e-001	9.824860e-001	9.981868e-001
6.450000e-001	-1.139708e-002	1.300083e-004	1.278201e-003	1.017120e-001	9.827946e-001	9.982500e-001
6.460000e-001	-1.121490e-002	1.258854e-004	1.260333e-003	9.988268e-002	9.831123e-001	9.983132e-001
6.470000e-001	-1.103273e-002	1.218292e-004	1.242605e-003	9.804340e-002	9.834386e-001	9.983763e-001
6.480000e-001	-1.085058e-002	1.178399e-004	1.225021e-003	9.619422e-002	9.837733e-001	9.984391e-001
6.490000e-001	-1.066847e-002	1.139177e-004	1.207582e-003	9.433534e-002	9.841163e-001	9.985016e-001
6.500000e-001	-1.048639e-002	1.100626e-004	1.190291e-003	9.246694e-002	9.844673e-001	9.985637e-001
6.510000e-001	-1.030436e-002	1.062748e-004	1.173151e-003	9.058924e-002	9.848259e-001	9.986254e-001
6.520000e-001	-1.012239e-002	1.025545e-004	1.156162e-003	8.870251e-002	9.851921e-001	9.986865e-001
6.530000e-001	-9.940478e-003	9.890167e-005	1.139328e-003	8.680703e-002	9.855654e-001	9.987470e-001
6.540000e-001	-9.758640e-003	9.531649e-005	1.122650e-003	8.490313e-002	9.859456e-001	9.988067e-001
6.550000e-001	-9.576882e-003	9.179905e-005	1.106131e-003	8.299115e-002	9.863326e-001	9.988657e-001
6.560000e-001	-9.395214e-003	8.834940e-005	1.089771e-003	8.107150e-002	9.867260e-001	9.989239e-001
6.570000e-001	-9.213645e-003	8.496764e-005	1.073575e-003	7.914460e-002	9.871255e-001	9.989810e-001
6.580000e-001	-9.032184e-003	8.165380e-005	1.057542e-003	7.721094e-002	9.875308e-001	9.990372e-001
6.590000e-001	-8.850840e-003	7.840794e-005	1.041675e-003	7.527103e-002	9.879418e-001	9.990924e-001
6.600000e-001	-8.669623e-003	7.523010e-005	1.025976e-003	7.332542e-002	9.883581e-001	9.991464e-001
6.610000e-001	-8.488541e-003	7.212029e-005	1.010446e-003	7.137473e-002	9.887794e-001	9.991991e-001
6.620000e-001	-8.307605e-003	6.907852e-005	9.950865e-004	6.941962e-002	9.892055e-001	9.992507e-001
6.630000e-001	-8.126823e-003	6.610480e-005	9.798998e-004	6.746078e-002	9.896361e-001	9.993008e-001
6.640000e-001	-7.946206e-003	6.319912e-005	9.648869e-004	6.549899e-002	9.900709e-001	9.993497e-001
6.650000e-001	-7.765764e-003	6.036144e-005	9.500495e-004	6.353504e-002	9.905096e-001	9.993970e-001
6.660000e-001	-7.585506e-003	5.759173e-005	9.353888e-004	6.156983e-002	9.909519e-001	9.994429e-001
6.670000e-001	-7.405442e-003	5.488994e-005	9.209062e-004	5.960427e-002	9.913976e-001	9.994873e-001
6.680000e-001	-7.225583e-003	5.225601e-005	9.066030e-004	5.763935e-002	9.918463e-001	9.995300e-001
6.690000e-001	-7.045939e-003	4.968986e-005	8.924803e-004	5.567614e-002	9.922977e-001	9.995712e-001
6.700000e-001	-6.866520e-003	4.719140e-005	8.785393e-004	5.371575e-002	9.927517e-001	9.996107e-001
6.710000e-001	-6.687336e-003	4.476053e-005	8.647812e-004	5.175937e-002	9.932078e-001	9.996484e-001
6.720000e-001	-6.508399e-003	4.239714e-005	8.512069e-004	4.980826e-002	9.936658e-001	9.996845e-001
6.730000e-001	-6.329718e-003	4.010109e-005	8.378175e-004	4.786376e-002	9.941254e-001	9.997188e-001
6.740000e-001	-6.151305e-003	3.787225e-005	8.246139e-004	4.592725e-002	9.945863e-001	9.997514e-001
6.750000e-001	-5.973169e-003	3.571045e-005	8.115969e-004	4.400024e-002	9.950482e-001	9.997821e-001
6.760000e-001	-5.795323e-003	3.361554e-005	7.987673e-004	4.208426e-002	9.955108e-001	9.998111e-001
6.770000e-001	-5.617777e-003	3.158731e-005	7.861260e-004	4.018098e-002	9.959739e-001	9.998382e-001
6.780000e-001	-5.440543e-003	2.962558e-005	7.736735e-004	3.829209e-002	9.964371e-001	9.998636e-001
6.790000e-001	-5.263630e-003	2.773012e-005	7.614106e-004	3.641941e-002	9.969001e-001	9.998871e-001
6.800000e-001	-5.087052e-003	2.590072e-005	7.493378e-004	3.456482e-002	9.973627e-001	9.999088e-001
6.810000e-001	-4.910818e-003	2.413714e-005	7.374556e-004	3.273029e-002	9.978246e-001	9.999288e-001
6.820000e-001	-4.734941e-003	2.243910e-005	7.257645e-004	3.091788e-002	9.982855e-001	9.999470e-001
6.830000e-001	-4.559432e-003	2.080636e-005	7.142650e-004	2.912975e-002	9.987451e-001	9.999634e-001
6.840000e-001	-4.384302e-003	1.923861e-005	7.029572e-004	2.736811e-002	9.992031e-001	9.999782e-001
6.850000e-001	-4.209564e-003	1.773556e-005	6.918416e-004	2.563529e-002	9.996592e-001	9.999913e-001
6.860000e-001	-4.035229e-003	1.629689e-005	6.809184e-004	2.393369e-002	1.000113e+000	1.000003e+000
6.870000e-001	-3.861308e-003	1.492227e-005	6.701877e-004	2.226581e-002	1.000565e+000	1.000013e+000
6.880000e-001	-3.687814e-003	1.361137e-005	6.596496e-004	2.063424e-002	1.001014e+000	1.000021e+000
6.890000e-001	-3.514758e-003	1.236380e-005	6.493043e-004	1.904162e-002	1.001460e+000	1.000028e+000
6.900000e-001	-3.342153e-003	1.117921e-005	6.391516e-004	1.749071e-002	1.001902e+000	1.000033e+000
6.910000e-001	-3.170011e-003	1.005720e-005	6.291917e-004	1.598432e-002	1.002342e+000	1.000037e+000
6.920000e-001	-2.998344e-003	8.997367e-006	6.194242e-004	1.452537e-002	1.002777e+000	1.000040e+000
6.930000e-001	-2.827163e-003	7.999286e-006	6.098491e-004	1.311683e-002	1.003209e+000	1.000042e+000
6.940000e-001	-2.656482e-003	7.062523e-006	6.004662e-004	1.176173e-002	1.003636e+000	1.000043e+000
6.950000e-001	-2.486312e-003	6.186627e-006	5.912751e-004	1.046320e-002	1.004058e+000	1.000042e+000
6.960000e-001	-2.316666e-003	5.371133e-006	5.822755e-004	9.224385e-003	1.004476e+000	1.000041e+000
6.970000e-001	-2.147556e-003	4.615560e-006	5.734671e-004	8.048518e-003	1.004889e+000	1.000039e+000
6.980000e-001	-1.978995e-003	3.919411e-006	5.648493e-004	6.938861e-003	1.005297e+000	1.000037e+000
6.990000e-001	-1.810995e-003	3.282176e-006	5.564217e-004	5.898720e-003	1.005699e+000	1.000034e+000
7.000000e-001	-1.643568e-003	2.703328e-006	5.481837e-004	4.931427e-003	1.006095e+000	1.000030e+000
7.010000e-001	-1.476728e-003	2.182327e-006	5.401347e-004	4.040338e-003	1.006486e+000	1.000026e+000
7.020000e-001	-1.310486e-003	1.718618e-006	5.322740e-004	3.228821e-003	1.006870e+000	1.000022e+000
7.030000e-001	-1.144856e-003	1.311630e-006	5.246010e-004	2.500244e-003	1.007248e+000	1.000018e+000
7.040000e-001	-9.798496e-004	9.607796e-007	5.171147e-004	1.857962e-003	1.007619e+000	1.000014e+000
7.050000e-001	-8.154799e-004	6.654670e-007	5.098145e-004	1.305312e-003	1.007983e+000	1.000010e+000
7.060000e-001	-6.517595e-004	4.250789e-007	5.026994e-004	8.455927e-004	1.008341e+000	1.000007e+000
7.070000e-001	-4.887011e-004	2.389880e-007	4.957685e-004	4.820558e-004	1.008691e+000	1.000004e+000
7.080000e-001	-3.263174e-004	1.065527e-007	4.890207e-004	2.178899e-004	1.009033e+000	1.000002e+000
7.090000e-001	-1.646210e-004	2.711745e-008	4.824552e-004	5.620719e-005	1.009369e+000	1.000001e+000
7.100000e-001	-3.624730e-006	1.314692e-011	4.760708e-004	2.761547e-008	1.009696e+000	1.000000e+000
7.110000e-001	1.566587e-004	2.455703e-008	4.698663e-004	5.226388e-005	1.010015e+000	1.000001e+000
7.120000e-001	3.162166e-004	1.000530e-007	4.638406e-004	2.157056e-004	1.010327e+000	1.000002e+000
7.130000e-001	4.750362e-004	2.257918e-007	4.579925e-004	4.930032e-004	1.010629e+000	1.000005e+000
7.140000e-001	6.331049e-004	4.010510e-007	4.523206e-004	8.866522e-004	1.010924e+000	1.000010e+000
7.150000e-001	7.904098e-004	6.250958e-007	4.468237e-004	1.398976e-003	1.011210e+000	1.000016e+000
7.160000e-001	9.469384e-004	8.971785e-007	4.415004e-004	2.032112e-003	1.011487e+000	1.000023e+000
7.170000e-001	1.102678e-003	1.216539e-006	4.363493e-004	2.787994e-003	1.011755e+000	1.000033e+000
7.180000e-001	1.257616e-003	1.582406e-006	4.313689e-004	3.668336e-003	1.012014e+000	1.000044e+000
7.190000e-001	1.411739e-003	1.993995e-006	4.265577e-004	4.674619e-003	1.012265e+000	1.000057e+000
7.200000e-001	1.565036e-003	2.450511e-006	4.219142e-004	5.808078e-003	1.012505e+000	1.000073e+000
7.210000e-001	1.717492e-003	2.951147e-006	4.174368e-004	7.069686e-003	1.012737e+000	1.000090e+000
7.220000e-001	1.869097e-003	3.495086e-006	4.131239e-004	8.460141e-003	1.012959e+000	1.000110e+000
7.230000e-001	2.019837e-003	4.081500e-006	4.089737e-004	9.979858e-003	1.013171e+000	1.000131e+000
7.240000e-001	2.169700e-003	4.709549e-006	4.049847e-004	1.162896e-002	1.013374e+000	1.000156e+000
7.250000e-001	2.318674e-003	5.378385e-006	4.011550e-004	1.340725e-002	1.013567e+000	1.000182e+000
7.260000e-001	2.466746e-003	6.087149e-006	3.974828e-004	1.531424e-002	1.013750e+000	1.000211e+000
7.270000e-001	2.613903e-003	6.834972e-006	3.939664e-004	1.734912e-002	1.013923e+000	1.000242e+000
7.280000e-001	2.760134e-003	7.620979e-006	3.906039e-004	1.951076e-002	1.014086e+000	1.000275e+000
7.290000e-001	2.905426e-003	8.444282e-006	3.873934e-004	2.179769e-002	1.014240e+000	1.000310e+000
7.300000e-001	3.049766e-003	9.303987e-006	3.843329e-004	2.420814e-002	1.014383e+000	1.000348e+000
7.310000e-001	3.193144e-003	1.019919e-005	3.814206e-004	2.674001e-002	1.014516e+000	1.000388e+000
7.320000e-001	3.335547e-003	1.112898e-005	3.786544e-004	2.939087e-002	1.014639e+000	1.000430e+000
7.330000e-001	3.476963e-003	1.209245e-005	3.760323e-004	3.215800e-002	1.014751e+000	1.000474e+000
7.340000e-001	3.617379e-003	1.308866e-005	3.735523e-004	3.503835e-002	1.014854e+000	1.000520e+000
7.350000e-001	3.756785e-003	1.411668e-005	3.712123e-004	3.802859e-002	1.014946e+000	1.000568e+000
7.360000e-001	3.895168e-003	1.517558e-005	3.690101e-004	4.112510e-002	1.015028e+000	1.000618e+000
7.370000e-001	4.032517e-003	1.626441e-005	3.669437e-004	4.432399e-002	1.015100e+000	1.000669e+000
7.380000e-001	4.168820e-003	1.738222e-005	3.650109e-004	4.762110e-002	1.015162e+000	1.000722e+000
7.390000e-001	4.304066e-003	1.852806e-005	3.632095e-004	5.101206e-002	1.015213e+000	1.000776e+000
7.400000e-001	4.438243e-003	1.970097e-005	3.615373e-004	5.449223e-002	1.015255e+000	1.000831e+000
7.410000e-001	4.571339e-003	2.089999e-005	3.599920e-004	5.805681e-002	1.015286e+000	1.000887e+000
7.420000e-001	4.703345e-003	2.212414e-005	3.585715e-004	6.170077e-002	1.015307e+000	1.000944e+000
7.430000e-001	4.834248e-003	2.337246e-005	3.572735e-004	6.541895e-002	1.015317e+000	1.001002e+000
7.440000e-001	4.964037e-003	2.464396e-005	3.560956e-004	6.920603e-002	1.015318e+000	1.001060e+000
7.450000e-001	5.092703e-003	2.593768e-005	3.550356e-004	7.305658e-002	1.015309e+000	1.001118e+000
7.460000e-001	5.220233e-003	2.725264e-005	3.540911e-004	7.696505e-002	1.015290e+000	1.001177e+000
7.470000e-001	5.346617e-003	2.858785e-005	3.532598e-004	8.092584e-002	1.015261e+000	1.001235e+000
7.480000e-001	5.471845e-003	2.994233e-005	3.525394e-004	8.493327e-002	1.015223e+000	1.001293e+000
7.490000e-001	5.595906e-003	3.131509e-005	3.519275e-004	8.898164e-002	1.015174e+000	1.001350e+000
7.500000e-001	5.718790e-003	3.270515e-005	3.514217e-004	9.306525e-002	1.015116e+000	1.001407e+000
7.510000e-001	5.840487e-003	3.411153e-005	3.510196e-004	9.717840e-002	1.015049e+000	1.001462e+000
7.520000e-001	5.960986e-003	3.553323e-005	3.507189e-004	1.013154e-001	1.014972e+000	1.001517e+000
7.530000e-001	6.080278e-003	3.696928e-005	3.505171e-004	1.054707e-001	1.014885e+000	1.001570e+000
7.540000e-001	6.198352e-003	3.841870e-005	3.504118e-004	1.096387e-001	1.014790e+000	1.001622e+000
7.550000e-001	6.315200e-003	3.988049e-005	3.504005e-004	1.138140e-001	1.014685e+000	1.001671e+000
7.560000e-001	6.430812e-003	4.135368e-005	3.504810e-004	1.179912e-001	1.014572e+000	1.001719e+000
7.570000e-001	6.545177e-003	4.283729e-005	3.506507e-004	1.221651e-001	1.014449e+000	1.001765e+000
7.580000e-001	6.658288e-003	4.433034e-005	3.509072e-004	1.263307e-001	1.014318e+000	1.001809e+000
7.590000e-001	6.770135e-003	4.583186e-005	3.512480e-004	1.304829e-001	1.014179e+000	1.001850e+000
7.600000e-001	6.880708e-003	4.734089e-005	3.516708e-004	1.346171e-001	1.014030e+000	1.001889e+000
7.610000e-001	6.990000e-003	4.885646e-005	3.521731e-004	1.387285e-001	1.013874e+000	1.001925e+000
7.620000e-001	7.098001e-003	5.037760e-005	3.527525e-004	1.428129e-001	1.013709e+000	1.001958e+000
7.630000e-001	7.204703e-003	5.190336e-005	3.534065e-004	1.468659e-001	1.013537e+000	1.001988e+000
7.640000e-001	7.310098e-003	5.343279e-005	3.541327e-004	1.508835e-001	1.013356e+000	1.002015e+000
7.650000e-001	7.414178e-003	5.496494e-005	3.549287e-004	1.548619e-001	1.013168e+000	1.002039e+000
7.660000e-001	7.516934e-003	5.649887e-005	3.557921e-004	1.587974e-001	1.012973e+000	1.002060e+000
7.670000e-001	7.618358e-003	5.803366e-005	3.567205e-004	1.626867e-001	1.012770e+000	1.002077e+000
7.680000e-001	7.718444e-003	5.956837e-005	3.577114e-004	1.665263e-001	1.012560e+000	1.002092e+000
7.690000e-001	7.817183e-003	6.110208e-005	3.587624e-004	1.703135e-001	1.012343e+000	1.002102e+000
7.700000e-001	7.914569e-003	6.263389e-005	3.598713e-004	1.740452e-001	1.012119e+000	1.002109e+000
7.710000e-001	8.010593e-003	6.416288e-005	3.610356e-004	1.777190e-001	1.011888e+000	1.002113e+000
7.720000e-001	8.105250e-003	6.568817e-005	3.622529e-004	1.813324e-001	1.011651e+000	1.002113e+000
7.730000e-001	8.198532e-003	6.720886e-005	3.635209e-004	1.848831e-001	1.011408e+000	1.002109e+000
7.740000e-001	8.290433e-003	6.872409e-005	3.648373e-004	1.883691e-001	1.011159e+000	1.002102e+000
7.750000e-001	8.380946e-003	7.023297e-005	3.661997e-004	1.917887e-001	1.010904e+000	1.002091e+000
7.760000e-001	8.470065e-003	7.173466e-005	3.676059e-004	1.951401e-001	1.010644e+000	1.002077e+000
7.770000e-001	8.557784e-003	7.322830e-005	3.690535e-004	1.984219e-001	1.010377e+000	1.002059e+000
7.780000e-001	8.644097e-003	7.471307e-005	3.705404e-004	2.016327e-001	1.010106e+000	1.002038e+000
7.790000e-001	8.728999e-003	7.618812e-005	3.720641e-004	2.047715e-001	1.009830e+000	1.002013e+000
7.800000e-001	8.812484e-003	7.765265e-005	3.736225e-004	2.078372e-001	1.009549e+000	1.001985e+000
7.810000e-001	8.894546e-003	7.910585e-005	3.752135e-004	2.108289e-001	1.009263e+000	1.001953e+000
7.820000e-001	8.975181e-003	8.054693e-005	3.768347e-004	2.137461e-001	1.008973e+000	1.001918e+000
7.830000e-001	9.054384e-003	8.197512e-005	3.784840e-004	2.165881e-001	1.008679e+000	1.001880e+000
7.840000e-001	9.132150e-003	8.338964e-005	3.801593e-004	2.193545e-001	1.008381e+000	1.001838e+000
7.850000e-001	9.208474e-003	8.478975e-005	3.818584e-004	2.220450e-001	1.008079e+000	1.001794e+000
7.860000e-001	9.283352e-003	8.617470e-005	3.835792e-004	2.246595e-001	1.007773e+000	1.001746e+000
7.870000e-001	9.356781e-003	8.754377e-005	3.853197e-004	2.271977e-001	1.007465e+000	1.001696e+000
7.880000e-001	9.428755e-003	8.889625e-005	3.870778e-004	2.296599e-001	1.007153e+000	1.001643e+000
7.890000e-001	9.499272e-003	9.023143e-005	3.888515e-004	2.320460e-001	1.006838e+000	1.001587e+000
7.900000e-001	9.568329e-003	9.154863e-005	3.906387e-004	2.343563e-001	1.006521e+000	1.001528e+000
7.910000e-001	9.635921e-003	9.284719e-005	3.924375e-004	2.365911e-001	1.006201e+000	1.001467e+000
7.920000e-001	9.702045e-003	9.412645e-005	3.942459e-004	2.387506e-001	1.005879e+000	1.001404e+000
7.930000e-001	9.766700e-003	9.538577e-005	3.960620e-004	2.408355e-001	1.005555e+000	1.001338e+000
7.940000e-001	9.829881e-003	9.662453e-005	3.978839e-004	2.428460e-001	1.005229e+000	1.001270e+000
7.950000e-001	9.891588e-003	9.784212e-005	3.997098e-004	2.447829e-001	1.004902e+000	1.001200e+000
7.960000e-001	9.951816e-003	9.903795e-005	4.015378e-004	2.466467e-001	1.004573e+000	1.001128e+000
7.970000e-001	1.001057e-002	1.002114e-004	4.033660e-004	2.484380e-001	1.004243e+000	1.001054e+000
7.980000e-001	1.006783e-002	1.013620e-004	4.051929e-004	2.501575e-001	1.003913e+000	1.000979e+000
7.990000e-001	1.012362e-002	1.024892e-004	4.070164e-004	2.518061e-001	1.003581e+000	1.000902e+000
8.000000e-001	1.017792e-002	1.035924e-004	4.088351e-004	2.533843e-001	1.003250e+000	1.000823e+000